function data()
return {
	times = { 0, 83.333, 125, 166.667, 208.333, 250, 291.667, 333.333, 375, 416.667, 458.333, 500, 541.667, 583.333, 625, 666.667, 708.333, 750, 791.667, 833.333, 875, 916.667, 958.333, 1000, 1041.667, 1083.333, 1125, 1166.667, 1208.333, 1250, 2500, 2541.667, 2583.333, 2625, 2666.667, 2708.333, 2750, 2791.667, 2833.333, 2875, 2916.667, 2958.333, 3000, 3041.667, 3083.333, 3125, 3166.667, 3208.333, 3250, 3291.667, 3333.333, 3375, 3416.667, 3458.333, 3500, 3541.667, 3583.333, 3625, 3666.667, 3708.333, 3750, 3791.667, 3833.333, 3875, 3916.667, 3958.333, 4000, 4041.667, 4083.333, 4125, 4583.333, },
	transfs = {
		{ 0.99992936849594, 0, 0.011881003156304, 0, 0, 1, 0, 0, -0.011881003156304, 0, 0.99992936849594, 0, 0, 0, 0, 1, },
		{ 0.99892157316208, 0, 0.046428326517344, 0, 0, 1, 0, 0, -0.046428326517344, 0, 0.99892157316208, 0, 0, 0, 0, 1, },
		{ 0.99479526281357, 0, 0.10189385712147, 0, 0, 1, 0, 0, -0.10189385712147, 0, 0.99479526281357, 0, 0, 0, 0, 1, },
		{ 0.98435187339783, 0, 0.17621417343616, 0, 0, 1, 0, 0, -0.17621417343616, 0, 0.98435187339783, 0, 0, 0, 0, 1, },
		{ 0.96376305818558, 0, 0.2667595744133, 0, 0, 1, 0, 0, -0.2667595744133, 0, 0.96376305818558, 0, 0, 0, 0, 1, },
		{ 0.92899024486542, 0, 0.3701040148735, 0, 0, 1, 0, 0, -0.3701040148735, 0, 0.92899024486542, 0, 0, 0, 0, 1, },
		{ 0.8762394785881, 0, 0.48187580704689, 0, 0, 1, 0, 0, -0.48187580704689, 0, 0.8762394785881, 0, 0, 0, 0, 1, },
		{ 0.80243664979935, 0, 0.59673726558685, 0, 0, 1, 0, 0, -0.59673726558685, 0, 0.80243664979935, 0, 0, 0, 0, 1, },
		{ 0.70568639039993, 0, 0.70852428674698, 0, 0, 1, 0, 0, -0.70852428674698, 0, 0.70568639039993, 0, 0, 0, 0, 1, },
		{ 0.5856602191925, 0, 0.81055665016174, 0, 0, 1, 0, 0, -0.81055665016174, 0, 0.5856602191925, 0, 0, 0, 0, 1, },
		{ 0.44385543465614, 0, 0.89609837532043, 0, 0, 1, 0, 0, -0.89609837532043, 0, 0.44385543465614, 0, 0, 0, 0, 1, },
		{ 0.28366893529892, 0, 0.9589222073555, 0, 0, 1, 0, 0, -0.9589222073555, 0, 0.28366893529892, 0, 0, 0, 0, 1, },
		{ 0.11025410145521, 0, 0.99390345811844, 0, 0, 1, 0, 0, -0.99390345811844, 0, 0.11025410145521, 0, 0, 0, 0, 1, },
		{ -0.069843478500843, 0, 0.99755793809891, 0, 0, 1, 0, 0, -0.99755793809891, 0, -0.069843478500843, 0, 0, 0, 0, 1, },
		{ -0.24924445152283, 0, 0.96844053268433, 0, 0, 1, 0, 0, -0.96844053268433, 0, -0.24924445152283, 0, 0, 0, 0, 1, },
		{ -0.42041260004044, 0, 0.90733301639557, 0, 0, 1, 0, 0, -0.90733301639557, 0, -0.42041260004044, 0, 0, 0, 0, 1, },
		{ -0.57636946439743, 0, 0.81718915700912, 0, 0, 1, 0, 0, -0.81718915700912, 0, -0.57636946439743, 0, 0, 0, 0, 1, },
		{ -0.71135079860687, 0, 0.70283716917038, 0, 0, 1, 0, 0, -0.70283716917038, 0, -0.71135079860687, 0, 0, 0, 0, 1, },
		{ -0.82130599021912, 0, 0.57048785686493, 0, 0, 1, 0, 0, -0.57048785686493, 0, -0.82130599021912, 0, 0, 0, 0, 1, },
		{ -0.9041965007782, 0, 0.42711663246155, 0, 0, 1, 0, 0, -0.42711663246155, 0, -0.9041965007782, 0, 0, 0, 0, 1, },
		{ -0.96005284786224, 0, 0.27981877326965, 0, 0, 1, 0, 0, -0.27981877326965, 0, -0.96005284786224, 0, 0, 0, 0, 1, },
		{ -0.99081647396088, 0, 0.13521347939968, 0, 0, 1, 0, 0, -0.13521347939968, 0, -0.99081647396088, 0, 0, 0, 0, 1, },
		{ -0.99999952316284, 0, -0.0010056094033644, 0, 0, 1, 0, 0, 0.0010056094033644, 0, -0.99999952316284, 0, 0, 0, 0, 1, },
		{ -0.99223756790161, 0, -0.12435683608055, 0, 0, 1, 0, 0, 0.12435683608055, 0, -0.99223756790161, 0, 0, 0, 0, 1, },
		{ -0.97279977798462, 0, -0.23164753615856, 0, 0, 1, 0, 0, 0.23164753615856, 0, -0.97279977798462, 0, 0, 0, 0, 1, },
		{ -0.94711881875992, 0, -0.32088309526443, 0, 0, 1, 0, 0, 0.32088309526443, 0, -0.94711881875992, 0, 0, 0, 0, 1, },
		{ -0.92038631439209, 0, -0.39101034402847, 0, 0, 1, 0, 0, 0.39101034402847, 0, -0.92038631439209, 0, 0, 0, 0, 1, },
		{ -0.8972235918045, 0, -0.44157654047012, 0, 0, 1, 0, 0, 0.44157654047012, 0, -0.8972235918045, 0, 0, 0, 0, 1, },
		{ -0.88142853975296, 0, -0.47231739759445, 0, 0, 1, 0, 0, 0.47231739759445, 0, -0.88142853975296, 0, 0, 0, 0, 1, },
		{ -0.87575417757034, 0, -0.48275715112686, 0, 0, 1, 0, 0, 0.48275715112686, 0, -0.87575417757034, 0, 0, 0, 0, 1, },
		{ -0.87575417757034, 0, -0.48275715112686, 0, 0, 1, 0, 0, 0.48275715112686, 0, -0.87575417757034, 0, 0, 0, 0, 1, },
		{ -0.87575417757034, 0, -0.48275715112686, 0, 0, 1, 0, 0, 0.48275715112686, 0, -0.87575417757034, 0, 0, 0.0058753965422511, 0, 1, },
		{ -0.87575417757034, 0, -0.48275715112686, 0, 0, 1, 0, 0, 0.48275715112686, 0, -0.87575417757034, 0, 0, 0.017348479479551, 0, 1, },
		{ -0.87575417757034, 0, -0.48275715112686, 0, 0, 1, 0, 0, 0.48275715112686, 0, -0.87575417757034, 0, 0.001034909626469, 0.038177337497473, 0, 1, },
		{ -0.87575417757034, 0, -0.48275715112686, 0, 0, 1, 0, 0, 0.48275715112686, 0, -0.87575417757034, 0, 0.001034909626469, 0.064659267663956, 0, 1, },
		{ -0.87575417757034, 0, -0.48275715112686, 0, 0, 1, 0, 0, 0.48275715112686, 0, -0.87575417757034, 0, -0.0013827581424266, 0.10802139341831, 0, 1, },
		{ -0.87575417757034, 0, -0.48275715112686, 0, 0, 1, 0, 0, 0.48275715112686, 0, -0.87575417757034, 0, -0.0042418669909239, 0.15374755859375, 0, 1, },
		{ -0.87575417757034, 0, -0.48275715112686, 0, 0, 1, 0, 0, 0.48275715112686, 0, -0.87575417757034, 0, -0.014612035825849, 0.19074462354183, 0, 1, },
		{ -0.87575417757034, 0, -0.48275715112686, 0, 0, 1, 0, 0, 0.48275715112686, 0, -0.87575417757034, 0, -0.028131481260061, 0.23928877711296, 0, 1, },
		{ -0.87575417757034, 0, -0.48275715112686, 0, 0, 1, 0, 0, 0.48275715112686, 0, -0.87575417757034, 0, -0.044773656874895, 0.29478162527084, 0, 1, },
		{ -0.87575417757034, 0, -0.48275715112686, 0, 0, 1, 0, 0, 0.48275715112686, 0, -0.87575417757034, 0, -0.067934028804302, 0.35204070806503, 0, 1, },
		{ -0.87575417757034, 0, -0.48275715112686, 0, 0, 1, 0, 0, 0.48275715112686, 0, -0.87575417757034, 0, -0.093281425535679, 0.41675689816475, 0, 1, },
		{ -0.87575417757034, 0, -0.48275715112686, 0, 0, 1, 0, 0, 0.48275715112686, 0, -0.87575417757034, 0, -0.12823449075222, 0.47661665081978, 0, 1, },
		{ -0.87575417757034, 0, -0.48275715112686, 0, 0, 1, 0, 0, 0.48275715112686, 0, -0.87575417757034, 0, -0.17859724164009, 0.52280122041702, 0, 1, },
		{ -0.87575417757034, 0, -0.48275715112686, 0, 0, 1, 0, 0, 0.48275715112686, 0, -0.87575417757034, 0, -0.23080748319626, 0.57229900360107, 0, 1, },
		{ -0.87575417757034, 0, -0.48275715112686, 0, 0, 1, 0, 0, 0.48275715112686, 0, -0.87575417757034, 0, -0.2913099527359, 0.62589246034622, 0, 1, },
		{ -0.87575417757034, 0, -0.48275715112686, 0, 0, 1, 0, 0, 0.48275715112686, 0, -0.87575417757034, 0, -0.35791927576065, 0.66684156656265, 0, 1, },
		{ -0.87575417757034, 0, -0.48275715112686, 0, 0, 1, 0, 0, 0.48275715112686, 0, -0.87575417757034, 0, -0.42659449577332, 0.71124374866486, 0, 1, },
		{ -0.87575417757034, 0, -0.48275715112686, 0, 0, 1, 0, 0, 0.48275715112686, 0, -0.87575417757034, 0, -0.50555199384689, 0.74424892663956, 0, 1, },
		{ -0.87575417757034, 0, -0.48275715112686, 0, 0, 1, 0, 0, 0.48275715112686, 0, -0.87575417757034, 0, -0.58454346656799, 0.77249127626419, 0, 1, },
		{ -0.87575417757034, 0, -0.48275715112686, 0, 0, 1, 0, 0, 0.48275715112686, 0, -0.87575417757034, 0, -0.66579121351242, 0.79256927967072, 0, 1, },
		{ -0.87575417757034, 0, -0.48275715112686, 0, 0, 1, 0, 0, 0.48275715112686, 0, -0.87575417757034, 0, -0.75317561626434, 0.79256927967072, 0, 1, },
		{ -0.87575417757034, 0, -0.48275715112686, 0, 0, 1, 0, 0, 0.48275715112686, 0, -0.87575417757034, 0, -0.83414685726166, 0.79256927967072, 0, 1, },
		{ -0.87575417757034, 0, -0.48275715112686, 0, 0, 1, 0, 0, 0.48275715112686, 0, -0.87575417757034, 0, -0.91710591316223, 0.78233915567398, 0, 1, },
		{ -0.87575417757034, 0, -0.48275715112686, 0, 0, 1, 0, 0, 0.48275715112686, 0, -0.87575417757034, 0, -0.9985316991806, 0.76443034410477, 0, 1, },
		{ -0.87575417757034, 0, -0.48275715112686, 0, 0, 1, 0, 0, 0.48275715112686, 0, -0.87575417757034, 0, -1.0746719837189, 0.73792463541031, 0, 1, },
		{ -0.87575417757034, 0, -0.48275715112686, 0, 0, 1, 0, 0, 0.48275715112686, 0, -0.87575417757034, 0, -1.1455029249191, 0.70422697067261, 0, 1, },
		{ -0.87575417757034, 0, -0.48275715112686, 0, 0, 1, 0, 0, 0.48275715112686, 0, -0.87575417757034, 0, -1.2105799913406, 0.66812038421631, 0, 1, },
		{ -0.87575417757034, 0, -0.48275715112686, 0, 0, 1, 0, 0, 0.48275715112686, 0, -0.87575417757034, 0, -1.2691028118134, 0.62379604578018, 0, 1, },
		{ -0.87575417757034, 0, -0.48275715112686, 0, 0, 1, 0, 0, 0.48275715112686, 0, -0.87575417757034, 0, -1.3218330144882, 0.57640087604523, 0, 1, },
		{ -0.87575417757034, 0, -0.48275715112686, 0, 0, 1, 0, 0, 0.48275715112686, 0, -0.87575417757034, 0, -1.3662676811218, 0.53139770030975, 0, 1, },
		{ -0.87575417757034, 0, -0.48275715112686, 0, 0, 1, 0, 0, 0.48275715112686, 0, -0.87575417757034, 0, -1.4067423343658, 0.48575866222382, 0, 1, },
		{ -0.87575417757034, 0, -0.48275715112686, 0, 0, 1, 0, 0, 0.48275715112686, 0, -0.87575417757034, 0, -1.4386113882065, 0.4396713078022, 0, 1, },
		{ -0.87575417757034, 0, -0.48275715112686, 0, 0, 1, 0, 0, 0.48275715112686, 0, -0.87575417757034, 0, -1.4643247127533, 0.389912545681, 0, 1, },
		{ -0.87575417757034, 0, -0.48275715112686, 0, 0, 1, 0, 0, 0.48275715112686, 0, -0.87575417757034, 0, -1.4846954345703, 0.35284301638603, 0, 1, },
		{ -0.87575417757034, 0, -0.48275715112686, 0, 0, 1, 0, 0, 0.48275715112686, 0, -0.87575417757034, 0, -1.5023658275604, 0.31691190600395, 0, 1, },
		{ -0.87575417757034, 0, -0.48275715112686, 0, 0, 1, 0, 0, 0.48275715112686, 0, -0.87575417757034, 0, -1.5165230035782, 0.28108230233192, 0, 1, },
		{ -0.87575417757034, 0, -0.48275715112686, 0, 0, 1, 0, 0, 0.48275715112686, 0, -0.87575417757034, 0, -1.525564789772, 0.25746092200279, 0, 1, },
		{ -0.87575417757034, 0, -0.48275715112686, 0, 0, 1, 0, 0, 0.48275715112686, 0, -0.87575417757034, 0, -1.5301946401596, 0.24382048845291, 0, 1, },
		{ -0.87575417757034, 0, -0.48275715112686, 0, 0, 1, 0, 0, 0.48275715112686, 0, -0.87575417757034, 0, -1.5337842702866, 0.22604644298553, 0, 1, },
		{ -0.87575417757034, 0, -0.48275715112686, 0, 0, 1, 0, 0, 0.48275715112686, 0, -0.87575417757034, 0, -1.5337842702866, 0.22604644298553, 0, 1, },
	},
}
end
