function data()
return {
	times = { 0, 83.333, 125, 166.667, 208.333, 250, 291.667, 333.333, 375, 416.667, 458.333, 500, 541.667, 583.333, 625, 666.667, 708.333, 750, 791.667, 833.333, 875, 916.667, 958.333, 1000, 1041.667, 1083.333, 1125, 1166.667, 1208.333, 1250, 1291.667, 1333.333, 1375, 1416.667, 1458.333, 1500, 1541.667, 1583.333, 1625, 1666.667, 1708.333, 1750, 1791.667, 1833.333, 1875, 1916.667, 1958.333, 2000, 2041.667, 2083.333, 2125, 2166.667, 2208.333, 2250, 2291.667, 2333.333, 2375, 2416.667, 2458.333, 2500, 2541.667, 2583.333, 2625, 2666.667, 2708.333, 2750, 2791.667, 2833.333, 2875, 2916.667, 2958.333, 3000, 3041.667, 3083.333, 3125, 3166.667, 3208.333, 3250, 3291.667, 3333.333, 3375, 3416.667, 3458.333, 3500, 3541.667, 3583.333, 3625, 3666.667, 3708.333, 3750, 3791.667, 3833.333, 3875, 3916.667, 3958.333, 4000, 4041.667, 4083.333, 4125, 4583.333, },
	transfs = {
		{ 0.99998778104782, 0, 0.0049444604665041, 0, 0, 1, 0, 0, -0.0049444604665041, 0, 0.99998778104782, 0, 0, 0, 0, 1, },
		{ 0.99981313943863, 0, 0.019327221438289, 0, 0, 1, 0, 0, -0.019327221438289, 0, 0.99981313943863, 0, 8.9645382104209e-06, 0, 0, 1, },
		{ 0.99909788370132, 0, 0.042464803904295, 0, 0, 1, 0, 0, -0.042464803904295, 0, 0.99909788370132, 0, 1.7929076420842e-05, 0, 0, 1, },
		{ 0.99728405475616, 0, 0.073650941252708, 0, 0, 1, 0, 0, -0.073650941252708, 0, 0.99728405475616, 0, 2.6893614631263e-05, 0, 0, 1, },
		{ 0.99369257688522, 0, 0.1121381893754, 0, 0, 1, 0, 0, -0.1121381893754, 0, 0.99369257688522, 0, 3.5858152841683e-05, 0, 0, 1, },
		{ 0.98757946491241, 0, 0.15712007880211, 0, 0, 1, 0, 0, -0.15712007880211, 0, 0.98757946491241, 0, 4.4822692871094e-05, 0, 0, 1, },
		{ 0.97818875312805, 0, 0.20771792531013, 0, 0, 1, 0, 0, -0.20771792531013, 0, 0.97818875312805, 0, 5.3787229262525e-05, 0, 0, 1, },
		{ 0.96480304002762, 0, 0.26297351717949, 0, 0, 1, 0, 0, -0.26297351717949, 0, 0.96480304002762, 0, 6.2751765653957e-05, 0, 0, 1, },
		{ 0.94679015874863, 0, 0.32185128331184, 0, 0, 1, 0, 0, -0.32185128331184, 0, 0.94679015874863, 0, 7.1754453529138e-05, 0, 0, 1, },
		{ 0.92364519834518, 0, 0.38324865698814, 0, 0, 1, 0, 0, -0.38324865698814, 0, 0.92364519834518, 0, 8.0718993558548e-05, 0, 0, 1, },
		{ 0.89502513408661, 0, 0.44601568579674, 0, 0, 1, 0, 0, -0.44601568579674, 0, 0.89502513408661, 0, 8.9683533587959e-05, 0, 0, 1, },
		{ 0.86077600717545, 0, 0.50898391008377, 0, 0, 1, 0, 0, -0.50898391008377, 0, 0.86077600717545, 0, 9.8648066341411e-05, 0, 0, 1, },
		{ 0.82095116376877, 0, 0.57099843025208, 0, 0, 1, 0, 0, -0.57099843025208, 0, 0.82095116376877, 0, 0.00010761260637082, 0, 0, 1, },
		{ 0.77581691741943, 0, 0.63095813989639, 0, 0, 1, 0, 0, -0.63095813989639, 0, 0.77581691741943, 0, 0.00011657714640023, 0, 0, 1, },
		{ 0.72584909200668, 0, 0.68785387277603, 0, 0, 1, 0, 0, -0.68785387277603, 0, 0.72584909200668, 0, 0.00012554168642964, 0, 0, 1, },
		{ 0.67171972990036, 0, 0.74080538749695, 0, 0, 1, 0, 0, -0.74080538749695, 0, 0.67171972990036, 0, 0.00013450621918309, 0, 0, 1, },
		{ 0.61427074670792, 0, 0.78909534215927, 0, 0, 1, 0, 0, -0.78909534215927, 0, 0.61427074670792, 0, 0.00014347076648846, 0, 0, 1, },
		{ 0.5544850230217, 0, 0.83219373226166, 0, 0, 1, 0, 0, -0.83219373226166, 0, 0.5544850230217, 0, 0.00015243529924192, 0, 0, 1, },
		{ 0.49344739317894, 0, 0.86977565288544, 0, 0, 1, 0, 0, -0.86977565288544, 0, 0.49344739317894, 0, 0.00016139983199537, 0, 0, 1, },
		{ 0.43230810761452, 0, 0.90172588825226, 0, 0, 1, 0, 0, -0.90172588825226, 0, 0.43230810761452, 0, 0.00017036437930074, 0, 0, 1, },
		{ 0.3722425699234, 0, 0.92813539505005, 0, 0, 1, 0, 0, -0.92813539505005, 0, 0.3722425699234, 0, 0.00017932891205419, 0, 0, 1, },
		{ 0.31441751122475, 0, 0.94928479194641, 0, 0, 1, 0, 0, -0.94928479194641, 0, 0.31441751122475, 0, 0.00018829345935956, 0, 0, 1, },
		{ 0.25996059179306, 0, 0.96561920642853, 0, 0, 1, 0, 0, -0.96561920642853, 0, 0.25996059179306, 0, 0.00019725799211301, 0, 0, 1, },
		{ 0.20994025468826, 0, 0.97771418094635, 0, 0, 1, 0, 0, -0.97771418094635, 0, 0.20994025468826, 0, 0.00020626067998819, 0, 0, 1, },
		{ 0.16535176336765, 0, 0.98623466491699, 0, 0, 1, 0, 0, -0.98623466491699, 0, 0.16535176336765, 0, 0.00021522521274164, 0, 0, 1, },
		{ 0.12711246311665, 0, 0.99188822507858, 0, 0, 1, 0, 0, -0.99188822507858, 0, 0.12711246311665, 0, 0.00022418976004701, 0, 0, 1, },
		{ 0.096069224178791, 0, 0.99537467956543, 0, 0, 1, 0, 0, -0.99537467956543, 0, 0.096069224178791, 0, 0.00023315429280046, 0, 0, 1, },
		{ 0.073003351688385, 0, 0.9973316192627, 0, 0, 1, 0, 0, -0.9973316192627, 0, 0.073003351688385, 0, 0.00024211882555392, 0, 0, 1, },
		{ 0.05865067243576, 0, 0.9982784986496, 0, 0, 1, 0, 0, -0.9982784986496, 0, 0.05865067243576, 0, 0.00025108337285928, 0, 0, 1, },
		{ 0.05371406301856, 0, 0.9985563158989, 0, 0, 1, 0, 0, -0.9985563158989, 0, 0.05371406301856, 0, 0.00026004790561274, 0, 0, 1, },
		{ 0.061524350196123, 0, 0.9981055855751, 0, 0, 1, 0, 0, -0.9981055855751, 0, 0.061524350196123, 0, 0.00026901243836619, 0, 0, 1, },
		{ 0.082475915551186, 0, 0.99659299850464, 0, 0, 1, 0, 0, -0.99659299850464, 0, 0.082475915551186, 0, 0.00027797697111964, 0, 0, 1, },
		{ 0.11282362788916, 0, 0.99361503124237, 0, 0, 1, 0, 0, -0.99361503124237, 0, 0.11282362788916, 0, 0.00028694153297693, 0, 0, 1, },
		{ 0.14879783987999, 0, 0.98886758089066, 0, 0, 1, 0, 0, -0.98886758089066, 0, 0.14879783987999, 0, 0.00029590606573038, 0, 0, 1, },
		{ 0.18663837015629, 0, 0.98242861032486, 0, 0, 1, 0, 0, -0.98242861032486, 0, 0.18663837015629, 0, 0.00030487059848383, 0, 0, 1, },
		{ 0.22285526990891, 0, 0.97485154867172, 0, 0, 1, 0, 0, -0.97485154867172, 0, 0.22285526990891, 0, 0.00031383513123728, 0, 0, 1, },
		{ 0.25488755106926, 0, 0.96697062253952, 0, 0, 1, 0, 0, -0.96697062253952, 0, 0.25488755106926, 0, 0.00032279966399074, 0, 0, 1, },
		{ 0.28047478199005, 0, 0.95986139774323, 0, 0, 1, 0, 0, -0.95986139774323, 0, 0.28047478199005, 0, 0.00033176422584802, 0, 0, 1, },
		{ 0.29742678999901, 0, 0.95474457740784, 0, 0, 1, 0, 0, -0.95474457740784, 0, 0.29742678999901, 0, 0.00034072875860147, 0, 0, 1, },
		{ 0.30356881022453, 0, 0.9528095126152, 0, 0, 1, 0, 0, -0.9528095126152, 0, 0.30356881022453, 0, 0.00034973144647665, 0, 0, 1, },
		{ 0.29367616772652, 0, 0.95590490102768, 0, 0, 1, 0, 0, -0.95590490102768, 0, 0.29367616772652, 0, 0.00035869597923011, 0, 0, 1, },
		{ 0.26996067166328, 0, 0.96287131309509, 0, 0, 1, 0, 0, -0.96287131309509, 0, 0.26996067166328, 0, 0.00036766051198356, 0, 0, 1, },
		{ 0.2414408326149, 0, 0.97041547298431, 0, 0, 1, 0, 0, -0.97041547298431, 0, 0.2414408326149, 0, 0.00037662504473701, 0, 0, 1, },
		{ 0.2173825353384, 0, 0.97608649730682, 0, 0, 1, 0, 0, -0.97608649730682, 0, 0.2173825353384, 0, 0.00038558957749046, 0, 0, 1, },
		{ 0.20725336670876, 0, 0.97828722000122, 0, 0, 1, 0, 0, -0.97828722000122, 0, 0.20725336670876, 0, 0.00039455413934775, 0, 0, 1, },
		{ 0.2139008641243, 0, 0.97685539722443, 0, 0, 1, 0, 0, -0.97685539722443, 0, 0.2139008641243, 0, 0.0004035186721012, 0, 0, 1, },
		{ 0.22971141338348, 0, 0.97325873374939, 0, 0, 1, 0, 0, -0.97325873374939, 0, 0.22971141338348, 0, 0.00041248320485465, 0, 0, 1, },
		{ 0.24850264191628, 0, 0.96863114833832, 0, 0, 1, 0, 0, -0.96863114833832, 0, 0.24850264191628, 0, 0.0004214477376081, 0, 0, 1, },
		{ 0.26417568325996, 0, 0.96447449922562, 0, 0, 1, 0, 0, -0.96447449922562, 0, 0.26417568325996, 0, 0.00043041227036156, 0, 0, 1, },
		{ 0.27072769403458, 0, 0.96265590190887, 0, 0, 1, 0, 0, -0.96265590190887, 0, 0.27072769403458, 0, 0.00043937683221884, 0, 0, 1, },
		{ 0.26609370112419, 0, 0.96394717693329, 0, 0, 1, 0, 0, -0.96394717693329, 0, 0.26609370112419, 0, 0.00044834136497229, 0, 0, 1, },
		{ 0.25501888990402, 0, 0.96693605184555, 0, 0, 1, 0, 0, -0.96693605184555, 0, 0.25501888990402, 0, 0.00045730589772575, 0, 0, 1, },
		{ 0.24175676703453, 0, 0.97033679485321, 0, 0, 1, 0, 0, -0.97033679485321, 0, 0.24175676703453, 0, 0.0004662704304792, 0, 0, 1, },
		{ 0.23061008751392, 0, 0.97304618358612, 0, 0, 1, 0, 0, -0.97304618358612, 0, 0.23061008751392, 0, 0.00047523496323265, 0, 0, 1, },
		{ 0.22592660784721, 0, 0.97414433956146, 0, 0, 1, 0, 0, -0.97414433956146, 0, 0.22592660784721, 0, 0.00048423765110783, 0, 0, 1, },
		{ 0.22724822163582, 0, 0.97383689880371, 0, 0, 1, 0, 0, -0.97383689880371, 0, 0.22724822163582, 0, 0.00049320218386129, 0, 0, 1, },
		{ 0.23039770126343, 0, 0.97309648990631, 0, 0, 1, 0, 0, -0.97309648990631, 0, 0.23039770126343, 0, 0.00050216674571857, 0, 0, 1, },
		{ 0.23415379226208, 0, 0.97219955921173, 0, 0, 1, 0, 0, -0.97219955921173, 0, 0.23415379226208, 0, 0.00051113124936819, 0, 0, 1, },
		{ 0.23729771375656, 0, 0.97143697738647, 0, 0, 1, 0, 0, -0.97143697738647, 0, 0.23729771375656, 0, 0.00052009581122547, 0, 0, 1, },
		{ 0.23732358217239, 0, 0.97143065929413, 0, 0, 1, 0, 0, -0.97143065929413, 0, 0.23732358217239, 0, 0.00052906037308276, 0, 0, 1, },
		{ 0.23734946548939, 0, 0.97142428159714, 0, 0, 1, 0, 0, -0.97142428159714, 0, 0.23734946548939, 0, 0.00053802487673238, -0.0072746276855469, 0, 1, },
		{ 0.23737519979477, 0, 0.97141796350479, 0, 0, 1, 0, 0, -0.97141796350479, 0, 0.23737519979477, 0, 0.00054698943858966, -0.026867674663663, 0, 1, },
		{ 0.2374010682106, 0, 0.97141170501709, 0, 0, 1, 0, 0, -0.97141170501709, 0, 0.2374010682106, 0, 0.0018460082355887, -0.055432889610529, 0, 1, },
		{ 0.23742693662643, 0, 0.97140538692474, 0, 0, 1, 0, 0, -0.97140538692474, 0, 0.23742693662643, 0, 0.0043757627718151, -0.08962432295084, 0, 1, },
		{ 0.23745280504227, 0, 0.9713990688324, 0, 0, 1, 0, 0, -0.9713990688324, 0, 0.23745280504227, 0, 0.0089577864855528, -0.12692733108997, 0, 1, },
		{ 0.23747868835926, 0, 0.97139275074005, 0, 0, 1, 0, 0, -0.97139275074005, 0, 0.23747868835926, 0, 0.017836647108197, -0.16815383732319, 0, 1, },
		{ 0.23750455677509, 0, 0.97138637304306, 0, 0, 1, 0, 0, -0.97138637304306, 0, 0.23750455677509, 0, 0.031444739550352, -0.21653899550438, 0, 1, },
		{ 0.23753029108047, 0, 0.97138005495071, 0, 0, 1, 0, 0, -0.97138005495071, 0, 0.23753029108047, 0, 0.045230407267809, -0.2747740149498, 0, 1, },
		{ 0.23755614459515, 0, 0.97137373685837, 0, 0, 1, 0, 0, -0.97137373685837, 0, 0.23755614459515, 0, 0.064440153539181, -0.32647049427032, 0, 1, },
		{ 0.23758201301098, 0, 0.97136747837067, 0, 0, 1, 0, 0, -0.97136747837067, 0, 0.23758201301098, 0, 0.089977949857712, -0.37617141008377, 0, 1, },
		{ 0.23760788142681, 0, 0.97136116027832, 0, 0, 1, 0, 0, -0.97136116027832, 0, 0.23760788142681, 0, 0.12129958719015, -0.43315321207047, 0, 1, },
		{ 0.23763374984264, 0, 0.97135484218597, 0, 0, 1, 0, 0, -0.97135484218597, 0, 0.23763374984264, 0, 0.15912535786629, -0.49306929111481, 0, 1, },
		{ 0.23765961825848, 0, 0.97134846448898, 0, 0, 1, 0, 0, -0.97134846448898, 0, 0.23765961825848, 0, 0.20304404199123, -0.54068130254745, 0, 1, },
		{ 0.23768536746502, 0, 0.97134214639664, 0, 0, 1, 0, 0, -0.97134214639664, 0, 0.23768536746502, 0, 0.25316581130028, -0.59214597940445, 0, 1, },
		{ 0.23771123588085, 0, 0.97133582830429, 0, 0, 1, 0, 0, -0.97133582830429, 0, 0.23771123588085, 0, 0.30424773693085, -0.64793407917023, 0, 1, },
		{ 0.23773710429668, 0, 0.97132951021194, 0, 0, 1, 0, 0, -0.97132951021194, 0, 0.23773710429668, 0, 0.37247800827026, -0.68669724464417, 0, 1, },
		{ 0.23776297271252, 0, 0.97132313251495, 0, 0, 1, 0, 0, -0.97132313251495, 0, 0.23776297271252, 0, 0.43794485926628, -0.71956831216812, 0, 1, },
		{ 0.23778884112835, 0, 0.97131681442261, 0, 0, 1, 0, 0, -0.97131681442261, 0, 0.23778884112835, 0, 0.51080465316772, -0.75080305337906, 0, 1, },
		{ 0.23781459033489, 0, 0.97131049633026, 0, 0, 1, 0, 0, -0.97131049633026, 0, 0.23781459033489, 0, 0.58424735069275, -0.77582746744156, 0, 1, },
		{ 0.23784045875072, 0, 0.97130423784256, 0, 0, 1, 0, 0, -0.97130423784256, 0, 0.23784045875072, 0, 0.66285198926926, -0.79165905714035, 0, 1, },
		{ 0.23786632716656, 0, 0.97129791975021, 0, 0, 1, 0, 0, -0.97129791975021, 0, 0.23786632716656, 0, 0.73989945650101, -0.79917705059052, 0, 1, },
		{ 0.23789216578007, 0, 0.97129148244858, 0, 0, 1, 0, 0, -0.97129148244858, 0, 0.23789216578007, 0, 0.82292127609253, -0.79917705059052, 0, 1, },
		{ 0.2379180341959, 0, 0.97128516435623, 0, 0, 1, 0, 0, -0.97128516435623, 0, 0.2379180341959, 0, 0.89890211820602, -0.79917705059052, 0, 1, },
		{ 0.23794390261173, 0, 0.97127890586853, 0, 0, 1, 0, 0, -0.97127890586853, 0, 0.23794390261173, 0, 0.96479445695877, -0.79917705059052, 0, 1, },
		{ 0.23796963691711, 0, 0.97127258777618, 0, 0, 1, 0, 0, -0.97127258777618, 0, 0.23796963691711, 0, 1.0448621511459, -0.76429945230484, 0, 1, },
		{ 0.23799552023411, 0, 0.97126626968384, 0, 0, 1, 0, 0, -0.97126626968384, 0, 0.23799552023411, 0, 1.107922911644, -0.73566144704819, 0, 1, },
		{ 0.23802138864994, 0, 0.9712598323822, 0, 0, 1, 0, 0, -0.9712598323822, 0, 0.23802138864994, 0, 1.1777411699295, -0.70227110385895, 0, 1, },
		{ 0.23804725706577, 0, 0.9712535738945, 0, 0, 1, 0, 0, -0.9712535738945, 0, 0.23804725706577, 0, 1.2319703102112, -0.66835618019104, 0, 1, },
		{ 0.23807312548161, 0, 0.97124725580215, 0, 0, 1, 0, 0, -0.97124725580215, 0, 0.23807312548161, 0, 1.2867472171783, -0.63077175617218, 0, 1, },
		{ 0.23809899389744, 0, 0.97124081850052, 0, 0, 1, 0, 0, -0.97124081850052, 0, 0.23809899389744, 0, 1.3317099809647, -0.59081310033798, 0, 1, },
		{ 0.23812472820282, 0, 0.97123450040817, 0, 0, 1, 0, 0, -0.97123450040817, 0, 0.23812472820282, 0, 1.3715599775314, -0.54820603132248, 0, 1, },
		{ 0.23815059661865, 0, 0.97122824192047, 0, 0, 1, 0, 0, -0.97122824192047, 0, 0.23815059661865, 0, 1.4086484909058, -0.50975078344345, 0, 1, },
		{ 0.23817643523216, 0, 0.97122192382813, 0, 0, 1, 0, 0, -0.97122192382813, 0, 0.23817643523216, 0, 1.4365847110748, -0.47253555059433, 0, 1, },
		{ 0.23820230364799, 0, 0.97121548652649, 0, 0, 1, 0, 0, -0.97121548652649, 0, 0.23820230364799, 0, 1.4605573415756, -0.43542402982712, 0, 1, },
		{ 0.23822817206383, 0, 0.97120916843414, 0, 0, 1, 0, 0, -0.97120916843414, 0, 0.23822817206383, 0, 1.4786635637283, -0.402273863554, 0, 1, },
		{ 0.23825392127037, 0, 0.97120290994644, 0, 0, 1, 0, 0, -0.97120290994644, 0, 0.23825392127037, 0, 1.4935228824615, -0.37072202563286, 0, 1, },
		{ 0.2382797896862, 0, 0.97119647264481, 0, 0, 1, 0, 0, -0.97119647264481, 0, 0.2382797896862, 0, 1.5059056282043, -0.35533079504967, 0, 1, },
		{ 0.23830565810204, 0, 0.97119015455246, 0, 0, 1, 0, 0, -0.97119015455246, 0, 0.23830565810204, 0, 1.5084637403488, -0.33968275785446, 0.0081358337774873, 1, },
		{ 0.23833149671555, 0, 0.97118383646011, 0, 0, 1, 0, 0, -0.97118383646011, 0, 0.23833149671555, 0, 1.5110219717026, -0.32855102419853, 0.0081358337774873, 1, },
		{ 0.23861573636532, 0, 0.97111397981644, 0, 0, 1, 0, 0, -0.97111397981644, 0, 0.23861573636532, 0, 1.5110219717026, -0.32855102419853, 0.0081358337774873, 1, },
	},
}
end
