function data()
return {
	times = { 0, 2500, 2541.667, 2583.333, 2625, 2666.667, 2708.333, 2750, 2791.667, 2833.333, 2875, 2916.667, 2958.333, 3000, 3041.667, 3083.333, 3125, 3166.667, 3208.333, 3250, 3291.667, 3333.333, 3375, 3416.667, 3458.333, 3500, 3541.667, 3583.333, 3625, 3666.667, 3708.333, 3750, 3791.667, 3833.333, 3875, 3916.667, 3958.333, 4000, 4041.667, 4083.333, 4125, 4583.333, },
	transfs = {
		{ 1, 0, 0, 0, 0, 1, 0, 0, 0, 0, 1, 0, 0, 0, 0, 1, },
		{ 1, 0, 0, 0, 0, 1, 0, 0, 0, 0, 1, 0, 0, 0, 0, 1, },
		{ 0.99997293949127, 0.0073524643667042, 0, 0, -0.0073524643667042, 0.99997293949127, 0, 0, 0, 0, 1, 0, 0, 0, 0, 1, },
		{ 0.9996018409729, 0.028217107057571, 0, 0, -0.028217107057571, 0.9996018409729, 0, 0, 0, 0, 1, 0, 0, 0, 0, 1, },
		{ 0.99815094470978, 0.060783583670855, 0, 0, -0.060783583670855, 0.99815094470978, 0, 0, 0, 0, 1, 0, 0, 0, 0, 1, },
		{ 0.99466210603714, 0.10318531095982, 0, 0, -0.10318531095982, 0.99466210603714, 0, 0, 0, 0, 1, 0, 0, 0, 0, 1, },
		{ 0.9881529211998, 0.15347266197205, 0, 0, -0.15347266197205, 0.9881529211998, 0, 0, 0, 0, 1, 0, 0, 0, 0, 1, },
		{ 0.97778540849686, 0.20960810780525, 0, 0, -0.20960810780525, 0.97778540849686, 0, 0, 0, 0, 1, 0, 0, 0, 0, 1, },
		{ 0.96292614936829, 0.26976516842842, 0, 0, -0.26976516842842, 0.96292614936829, 0, 0, 0, 0, 1, 0, 0, 0, 0, 1, },
		{ 0.94287002086639, 0.3331606388092, 0, 0, -0.3331606388092, 0.94287002086639, 0, 0, 0, 0, 1, 0, 0, 0, 0, 1, },
		{ 0.91687309741974, 0.39917877316475, 0, 0, -0.39917877316475, 0.91687309741974, 0, 0, 0, 0, 1, 0, 0, 0, 0, 1, },
		{ 0.88421565294266, 0.46707886457443, 0, 0, -0.46707886457443, 0.88421565294266, 0, 0, 0, 0, 1, 0, 0, 0, 0, 1, },
		{ 0.84422600269318, 0.53598719835281, 0, 0, -0.53598719835281, 0.84422600269318, 0, 0, 0, 0, 1, 0, 0, 0, 0, 1, },
		{ 0.7963490486145, 0.6048372387886, 0, 0, -0.6048372387886, 0.7963490486145, 0, 0, 0, 0, 1, 0, 0, 0, 0, 1, },
		{ 0.74034023284912, 0.67223232984543, 0, 0, -0.67223232984543, 0.74034023284912, 0, 0, 0, 0, 1, 0, 0, 0, 0, 1, },
		{ 0.67622971534729, 0.73669081926346, 0, 0, -0.73669081926346, 0.67622971534729, 0, 0, 0, 0, 1, 0, 0, 0, 0, 1, },
		{ 0.60430389642715, 0.79675382375717, 0, 0, -0.79675382375717, 0.60430389642715, 0, 0, 0, 0, 1, 0, 0, 0, 0, 1, },
		{ 0.52510929107666, 0.8510348200798, 0, 0, -0.8510348200798, 0.52510929107666, 0, 0, 0, 0, 1, 0, 0, 0, 0, 1, },
		{ 0.4394399523735, 0.89827197790146, 0, 0, -0.89827197790146, 0.4394399523735, 0, 0, 0, 0, 1, 0, 0, 0, 0, 1, },
		{ 0.34831771254539, 0.93737655878067, 0, 0, -0.93737655878067, 0.34831771254539, 0, 0, 0, 0, 1, 0, 0, 0, 0, 1, },
		{ 0.2529559135437, 0.96747779846191, 0, 0, -0.96747779846191, 0.2529559135437, 0, 0, 0, 0, 1, 0, 0, 0, 0, 1, },
		{ 0.15471515059471, 0.98795908689499, 0, 0, -0.98795908689499, 0.15471515059471, 0, 0, 0, 0, 1, 0, 0, 0, 0, 1, },
		{ 0.055050320923328, 0.99848359823227, 0, 0, -0.99848359823227, 0.055050320923328, 0, 0, 0, 0, 1, 0, 0, 0, 0, 1, },
		{ -0.044544599950314, 0.99900734424591, 0, 0, -0.99900734424591, -0.044544599950314, 0, 0, 0, 0, 1, 0, 0, 0, 0, 1, },
		{ -0.14259724318981, 0.98978078365326, 0, 0, -0.98978078365326, -0.14259724318981, 0, 0, 0, 0, 1, 0, 0, 0, 0, 1, },
		{ -0.2377120256424, 0.97133564949036, 0, 0, -0.97133564949036, -0.2377120256424, 0, 0, 0, 0, 1, 0, 0, 0, 0, 1, },
		{ -0.32862362265587, 0.94446092844009, 0, 0, -0.94446092844009, -0.32862362265587, 0, 0, 0, 0, 1, 0, 0, 0, 0, 1, },
		{ -0.41423687338829, 0.91016906499863, 0, 0, -0.91016906499863, -0.41423687338829, 0, 0, 0, 0, 1, 0, 0, 0, 0, 1, },
		{ -0.49366298317909, 0.86965328454971, 0, 0, -0.86965328454971, -0.49366298317909, 0, 0, 0, 0, 1, 0, 0, 0, 0, 1, },
		{ -0.56623762845993, 0.82424199581146, 0, 0, -0.82424199581146, -0.56623762845993, 0, 0, 0, 0, 1, 0, 0, 0, 0, 1, },
		{ -0.63153237104416, 0.77534943819046, 0, 0, -0.77534943819046, -0.63153237104416, 0, 0, 0, 0, 1, 0, 0, 0, 0, 1, },
		{ -0.68934953212738, 0.72442877292633, 0, 0, -0.72442877292633, -0.68934953212738, 0, 0, 0, 0, 1, 0, 0, 0, 0, 1, },
		{ -0.73970544338226, 0.67293077707291, 0, 0, -0.67293077707291, -0.73970544338226, 0, 0, 0, 0, 1, 0, 0, 0, 0, 1, },
		{ -0.78280770778656, 0.62226366996765, 0, 0, -0.62226366996765, -0.78280770778656, 0, 0, 0, 0, 1, 0, 0, 0, 0, 1, },
		{ -0.81901961565018, 0.57376557588577, 0, 0, -0.57376557588577, -0.81901961565018, 0, 0, 0, 0, 1, 0, 0, 0, 0, 1, },
		{ -0.84881997108459, 0.52868193387985, 0, 0, -0.52868193387985, -0.84881997108459, 0, 0, 0, 0, 1, 0, 0, 0, 0, 1, },
		{ -0.87275785207748, 0.48815342783928, 0, 0, -0.48815342783928, -0.87275785207748, 0, 0, 0, 0, 1, 0, 0, 0, 0, 1, },
		{ -0.89140421152115, 0.4532091319561, 0, 0, -0.4532091319561, -0.89140421152115, 0, 0, 0, 0, 1, 0, 0, 0, 0, 1, },
		{ -0.90530318021774, 0.4247659444809, 0, 0, -0.4247659444809, -0.90530318021774, 0, 0, 0, 0, 1, 0, 0, 0, 0, 1, },
		{ -0.91492074728012, 0.40363356471062, 0, 0, -0.40363356471062, -0.91492074728012, 0, 0, 0, 0, 1, 0, 0, 0, 0, 1, },
		{ -0.92059475183487, 0.39051932096481, 0, 0, -0.39051932096481, -0.92059475183487, 0, 0, 0, 0, 1, 0, 0, 0, 0, 1, },
		{ -0.92248636484146, 0.38602954149246, 0, 0, -0.38602954149246, -0.92248636484146, 0, 0, 0, 0, 1, 0, 0, 0, 0, 1, },
	},
}
end
