function data()
return {
	times = { 0, 2541.667, 2583.333, 2625, 2666.667, 2708.333, 2750, 2791.667, 2833.333, 2875, 2916.667, 2958.333, 3000, 3041.667, 3083.333, 3125, 3166.667, 3208.333, 3250, 3291.667, 3333.333, 3375, 3416.667, 3458.333, 3500, 3541.667, 3583.333, 3625, 3666.667, 3708.333, 3750, 3791.667, 3833.333, 3875, 3916.667, 3958.333, 4000, 4041.667, 4083.333, 4125, 4583.333, },
	transfs = {
		{ 1, 1.2309826047385e-07, 0, 0, -1.2309826047385e-07, 1, 0, 0, 0, 0, 1, 0, 0, 0, 0, 1, },
		{ 0.99998599290848, 0.0052947290241718, 0, 0, -0.0052947290241718, 0.99998599290848, 0, 0, 0, 0, 1, 0, 0, 0, 0, 1, },
		{ 0.9997832775116, 0.020817615091801, 0, 0, -0.020817615091801, 0.9997832775116, 0, 0, 0, 0, 1, 0, 0, 0, 0, 1, },
		{ 0.99894058704376, 0.04601926356554, 0, 0, -0.04601926356554, 0.99894058704376, 0, 0, 0, 0, 1, 0, 0, 0, 0, 1, },
		{ 0.99676918983459, 0.080317802727222, 0, 0, -0.080317802727222, 0.99676918983459, 0, 0, 0, 0, 1, 0, 0, 0, 0, 1, },
		{ 0.99239718914032, 0.12307578325272, 0, 0, -0.12307578325272, 0.99239718914032, 0, 0, 0, 0, 1, 0, 0, 0, 0, 1, },
		{ 0.98482233285904, 0.17356541752815, 0, 0, -0.17356541752815, 0.98482233285904, 0, 0, 0, 0, 1, 0, 0, 0, 0, 1, },
		{ 0.97296714782715, 0.23094344139099, 0, 0, -0.23094344139099, 0.97296714782715, 0, 0, 0, 0, 1, 0, 0, 0, 0, 1, },
		{ 0.95573598146439, 0.29422557353973, 0, 0, -0.29422557353973, 0.95573598146439, 0, 0, 0, 0, 1, 0, 0, 0, 0, 1, },
		{ 0.93207257986069, 0.36227160692215, 0, 0, -0.36227160692215, 0.93207257986069, 0, 0, 0, 0, 1, 0, 0, 0, 0, 1, },
		{ 0.90101808309555, 0.43378150463104, 0, 0, -0.43378150463104, 0.90101808309555, 0, 0, 0, 0, 1, 0, 0, 0, 0, 1, },
		{ 0.86176842451096, 0.50730180740356, 0, 0, -0.50730180740356, 0.86176842451096, 0, 0, 0, 0, 1, 0, 0, 0, 0, 1, },
		{ 0.81372576951981, 0.58124881982803, 0, 0, -0.58124881982803, 0.81372576951981, 0, 0, 0, 0, 1, 0, 0, 0, 0, 1, },
		{ 0.75654590129852, 0.65394049882889, 0, 0, -0.65394049882889, 0.75654590129852, 0, 0, 0, 0, 1, 0, 0, 0, 0, 1, },
		{ 0.69017225503922, 0.72364515066147, 0, 0, -0.72364515066147, 0.69017225503922, 0, 0, 0, 0, 1, 0, 0, 0, 0, 1, },
		{ 0.61486023664474, 0.78863602876663, 0, 0, -0.78863602876663, 0.61486023664474, 0, 0, 0, 0, 1, 0, 0, 0, 0, 1, },
		{ 0.53118467330933, 0.84725606441498, 0, 0, -0.84725606441498, 0.53118467330933, 0, 0, 0, 0, 1, 0, 0, 0, 0, 1, },
		{ 0.44003146886826, 0.8979823589325, 0, 0, -0.8979823589325, 0.44003146886826, 0, 0, 0, 0, 1, 0, 0, 0, 0, 1, },
		{ 0.34257304668427, 0.93949121236801, 0, 0, -0.93949121236801, 0.34257304668427, 0, 0, 0, 0, 1, 0, 0, 0, 0, 1, },
		{ 0.24022547900677, 0.97071713209152, 0, 0, -0.97071713209152, 0.24022547900677, 0, 0, 0, 0, 1, 0, 0, 0, 0, 1, },
		{ 0.13459403812885, 0.99090075492859, 0, 0, -0.99090075492859, 0.13459403812885, 0, 0, 0, 0, 1, 0, 0, 0, 0, 1, },
		{ 0.027405966073275, 0.99962437152863, 0, 0, -0.99962437152863, 0.027405966073275, 0, 0, 0, 0, 1, 0, 0, 0, 0, 1, },
		{ -0.079563364386559, 0.99682974815369, 0, 0, -0.99682974815369, -0.079563364386559, 0, 0, 0, 0, 1, 0, 0, 0, 0, 1, },
		{ -0.18456277251244, 0.98282068967819, 0, 0, -0.98282068967819, -0.18456277251244, 0, 0, 0, 0, 1, 0, 0, 0, 0, 1, },
		{ -0.28594407439232, 0.95824629068375, 0, 0, -0.95824629068375, -0.28594407439232, 0, 0, 0, 0, 1, 0, 0, 0, 0, 1, },
		{ -0.38222414255142, 0.92406970262527, 0, 0, -0.92406970262527, -0.38222414255142, 0, 0, 0, 0, 1, 0, 0, 0, 0, 1, },
		{ -0.47214335203171, 0.88152176141739, 0, 0, -0.88152176141739, -0.47214335203171, 0, 0, 0, 0, 1, 0, 0, 0, 0, 1, },
		{ -0.55470442771912, 0.83204740285873, 0, 0, -0.83204740285873, -0.55470442771912, 0, 0, 0, 0, 1, 0, 0, 0, 0, 1, },
		{ -0.62920224666595, 0.77724158763885, 0, 0, -0.77724158763885, -0.62920224666595, 0, 0, 0, 0, 1, 0, 0, 0, 0, 1, },
		{ -0.69522887468338, 0.71878826618195, 0, 0, -0.71878826618195, -0.69522887468338, 0, 0, 0, 0, 1, 0, 0, 0, 0, 1, },
		{ -0.75266712903976, 0.65840113162994, 0, 0, -0.65840113162994, -0.75266712903976, 0, 0, 0, 0, 1, 0, 0, 0, 0, 1, },
		{ -0.80167067050934, 0.59776592254639, 0, 0, -0.59776592254639, -0.80167067050934, 0, 0, 0, 0, 1, 0, 0, 0, 0, 1, },
		{ -0.84262758493423, 0.53849679231644, 0, 0, -0.53849679231644, -0.84262758493423, 0, 0, 0, 0, 1, 0, 0, 0, 0, 1, },
		{ -0.87611395120621, 0.4821041226387, 0, 0, -0.4821041226387, -0.87611395120621, 0, 0, 0, 0, 1, 0, 0, 0, 0, 1, },
		{ -0.90284466743469, 0.42996689677238, 0, 0, -0.42996689677238, -0.90284466743469, 0, 0, 0, 0, 1, 0, 0, 0, 0, 1, },
		{ -0.92361259460449, 0.38332709670067, 0, 0, -0.38332709670067, -0.92361259460449, 0, 0, 0, 0, 1, 0, 0, 0, 0, 1, },
		{ -0.93923127651215, 0.34328475594521, 0, 0, -0.34328475594521, -0.93923127651215, 0, 0, 0, 0, 1, 0, 0, 0, 0, 1, },
		{ -0.95047307014465, 0.31080678105354, 0, 0, -0.31080678105354, -0.95047307014465, 0, 0, 0, 0, 1, 0, 0, 0, 0, 1, },
		{ -0.9580072760582, 0.28674399852753, 0, 0, -0.28674399852753, -0.9580072760582, 0, 0, 0, 0, 1, 0, 0, 0, 0, 1, },
		{ -0.96234333515167, 0.27183681726456, 0, 0, -0.27183681726456, -0.96234333515167, 0, 0, 0, 0, 1, 0, 0, 0, 0, 1, },
		{ -0.96376901865005, 0.26673802733421, 0, 0, -0.26673802733421, -0.96376901865005, 0, 0, 0, 0, 1, 0, 0, 0, 0, 1, },
	},
}
end
