function data()
return {
	times = { 0, 83.333, 125, 166.667, 208.333, 250, 291.667, 333.333, 375, 416.667, 458.333, 500, 541.667, 583.333, 625, 666.667, 708.333, 750, 791.667, 833.333, 875, 916.667, 958.333, 1000, 1041.667, 1083.333, 1125, 1166.667, 1208.333, 1250, 1291.667, 1333.333, 1375, 1416.667, 1458.333, 1500, 1541.667, 1583.333, 1625, 1666.667, 1708.333, 1750, 1791.667, 1833.333, 1875, 1916.667, 1958.333, 2000, 2041.667, 2083.333, 2125, 2166.667, 2208.333, 2250, 2291.667, 2333.333, 2375, 2416.667, 2458.333, 2500, 2541.667, 2583.333, 2625, 2666.667, 2708.333, 2750, 2791.667, 2833.333, 2875, 2916.667, 2958.333, 3000, 3041.667, 3083.333, 3125, 3166.667, 3208.333, 3250, 3291.667, 3333.333, 3375, 3416.667, 3458.333, 3500, 3541.667, 3583.333, 3625, 3666.667, 3708.333, 3750, 3791.667, 3833.333, 3875, 3916.667, 3958.333, 4000, 4041.667, 4083.333, 4125, 4583.333, },
	transfs = {
		{ 0.99999588727951, 0, -0.0028481525368989, 0, 0, 1, 0, 0, 0.0028481525368989, 0, 0.99999588727951, 0, 0, 0, 0, 1, },
		{ 0.99993711709976, 0, -0.011207058094442, 0, 0, 1, 0, 0, 0.011207058094442, 0, 0.99993711709976, 0, 8.9645382104209e-06, 0, 0, 1, },
		{ 0.99969244003296, 0, -0.02479687333107, 0, 0, 1, 0, 0, 0.02479687333107, 0, 0.99969244003296, 0, 1.7929076420842e-05, 0, 0, 1, },
		{ 0.99906063079834, 0, -0.043332941830158, 0, 0, 1, 0, 0, 0.043332941830158, 0, 0.99906063079834, 0, 2.6893614631263e-05, 0, 0, 1, },
		{ 0.99778491258621, 0, -0.066521428525448, 0, 0, 1, 0, 0, 0.066521428525448, 0, 0.99778491258621, 0, 3.5858152841683e-05, 0, 0, 1, },
		{ 0.99556708335876, 0, -0.094054415822029, 0, 0, 1, 0, 0, 0.094054415822029, 0, 0.99556708335876, 0, 4.4822692871094e-05, 0, 0, 1, },
		{ 0.99208027124405, 0, -0.12560504674911, 0, 0, 1, 0, 0, 0.12560504674911, 0, 0.99208027124405, 0, 5.3787229262525e-05, 0, 0, 1, },
		{ 0.98698323965073, 0, -0.160823315382, 0, 0, 1, 0, 0, 0.160823315382, 0, 0.98698323965073, 0, 6.2751765653957e-05, 0, 0, 1, },
		{ 0.97993183135986, 0, -0.19933262467384, 0, 0, 1, 0, 0, 0.19933262467384, 0, 0.97993183135986, 0, 7.1754453529138e-05, 0, 0, 1, },
		{ 0.97059261798859, 0, -0.24072796106339, 0, 0, 1, 0, 0, 0.24072796106339, 0, 0.97059261798859, 0, 8.0718993558548e-05, 0, 0, 1, },
		{ 0.9586535692215, 0, -0.28457573056221, 0, 0, 1, 0, 0, 0.28457573056221, 0, 0.9586535692215, 0, 8.9683533587959e-05, 0, 0, 1, },
		{ 0.94383585453033, 0, -0.33041468262672, 0, 0, 1, 0, 0, 0.33041468262672, 0, 0.94383585453033, 0, 9.8648066341411e-05, 0, 0, 1, },
		{ 0.9259038567543, 0, -0.3777591586113, 0, 0, 1, 0, 0, 0.3777591586113, 0, 0.9259038567543, 0, 0.00010761260637082, 0, 0, 1, },
		{ 0.90467417240143, 0, -0.42610397934914, 0, 0, 1, 0, 0, 0.42610397934914, 0, 0.90467417240143, 0, 0.00011657714640023, 0, 0, 1, },
		{ 0.88002288341522, 0, -0.47493124008179, 0, 0, 1, 0, 0, 0.47493124008179, 0, 0.88002288341522, 0, 0.00012554168642964, 0, 0, 1, },
		{ 0.85189193487167, 0, -0.52371752262115, 0, 0, 1, 0, 0, 0.52371752262115, 0, 0.85189193487167, 0, 0.00013450621918309, 0, 0, 1, },
		{ 0.82029318809509, 0, -0.57194322347641, 0, 0, 1, 0, 0, 0.57194322347641, 0, 0.82029318809509, 0, 0.00014347076648846, 0, 0, 1, },
		{ 0.7853097319603, 0, -0.61910301446915, 0, 0, 1, 0, 0, 0.61910301446915, 0, 0.7853097319603, 0, 0.00015243529924192, 0, 0, 1, },
		{ 0.74709719419479, 0, -0.66471481323242, 0, 0, 1, 0, 0, 0.66471481323242, 0, 0.74709719419479, 0, 0.00016139983199537, 0, 0, 1, },
		{ 0.70588046312332, 0, -0.70833098888397, 0, 0, 1, 0, 0, 0.70833098888397, 0, 0.70588046312332, 0, 0.00017036437930074, 0, 0, 1, },
		{ 0.66195005178452, 0, -0.74954789876938, 0, 0, 1, 0, 0, 0.74954789876938, 0, 0.66195005178452, 0, 0.00017932891205419, 0, 0, 1, },
		{ 0.61565601825714, 0, -0.78801500797272, 0, 0, 1, 0, 0, 0.78801500797272, 0, 0.61565601825714, 0, 0.00018829345935956, 0, 0, 1, },
		{ 0.56740099191666, 0, -0.82344162464142, 0, 0, 1, 0, 0, 0.82344162464142, 0, 0.56740099191666, 0, 0.00019725799211301, 0, 0, 1, },
		{ 0.51763039827347, 0, -0.85560429096222, 0, 0, 1, 0, 0, 0.85560429096222, 0, 0.51763039827347, 0, 0.00020626067998819, 0, 0, 1, },
		{ 0.46682316064835, 0, -0.88435065746307, 0, 0, 1, 0, 0, 0.88435065746307, 0, 0.46682316064835, 0, 0.00021522521274164, 0, 0, 1, },
		{ 0.4154811501503, 0, -0.9096018075943, 0, 0, 1, 0, 0, 0.9096018075943, 0, 0.4154811501503, 0, 0.00022418976004701, 0, 0, 1, },
		{ 0.36412018537521, 0, -0.93135190010071, 0, 0, 1, 0, 0, 0.93135190010071, 0, 0.36412018537521, 0, 0.00023315429280046, 0, 0, 1, },
		{ 0.31325712800026, 0, -0.94966834783554, 0, 0, 1, 0, 0, 0.94966834783554, 0, 0.31325712800026, 0, 0.00024211882555392, 0, 0, 1, },
		{ 0.263403236866, 0, -0.96468579769135, 0, 0, 1, 0, 0, 0.96468579769135, 0, 0.263403236866, 0, 0.00025108337285928, 0, 0, 1, },
		{ 0.21505604684353, 0, -0.97660171985626, 0, 0, 1, 0, 0, 0.97660171985626, 0, 0.21505604684353, 0, 0.00026004790561274, 0, 0, 1, },
		{ 0.16911575198174, 0, -0.98559612035751, 0, 0, 1, 0, 0, 0.98559612035751, 0, 0.16911575198174, 0, 0.00026901243836619, 0, 0, 1, },
		{ 0.12817786633968, 0, -0.9917511343956, 0, 0, 1, 0, 0, 0.9917511343956, 0, 0.12817786633968, 0, 0.00027797697111964, 0, 0, 1, },
		{ 0.095267310738564, 0, -0.99545174837112, 0, 0, 1, 0, 0, 0.99545174837112, 0, 0.095267310738564, 0, 0.00028694153297693, 0, 0, 1, },
		{ 0.073373466730118, 0, -0.99730455875397, 0, 0, 1, 0, 0, 0.99730455875397, 0, 0.073373466730118, 0, 0.00029590606573038, 0, 0, 1, },
		{ 0.06543156504631, 0, -0.99785697460175, 0, 0, 1, 0, 0, 0.99785697460175, 0, 0.06543156504631, 0, 0.00030487059848383, 0, 0, 1, },
		{ 0.088746912777424, 0, -0.99605423212051, 0, 0, 1, 0, 0, 0.99605423212051, 0, 0.088746912777424, 0, 0.00031383513123728, 0, 0, 1, },
		{ 0.14412578940392, 0, -0.98955929279327, 0, 0, 1, 0, 0, 0.98955929279327, 0, 0.14412578940392, 0, 0.00032279966399074, 0, 0, 1, },
		{ 0.20962217450142, 0, -0.97778242826462, 0, 0, 1, 0, 0, 0.97778242826462, 0, 0.20962217450142, 0, 0.00033176422584802, 0, 0, 1, },
		{ 0.2637947499752, 0, -0.96457880735397, 0, 0, 1, 0, 0, 0.96457880735397, 0, 0.2637947499752, 0, 0.00034072875860147, 0, 0, 1, },
		{ 0.28627797961235, 0, -0.95814663171768, 0, 0, 1, 0, 0, 0.95814663171768, 0, 0.28627797961235, 0, 0.00034973144647665, 0, 0, 1, },
		{ 0.27334141731262, 0, -0.96191710233688, 0, 0, 1, 0, 0, 0.96191710233688, 0, 0.27334141731262, 0, 0.00035869597923011, 0, 0, 1, },
		{ 0.24229721724987, 0, -0.97020202875137, 0, 0, 1, 0, 0, 0.97020202875137, 0, 0.24229721724987, 0, 0.00036766051198356, 0, 0, 1, },
		{ 0.20491944253445, 0, -0.97877883911133, 0, 0, 1, 0, 0, 0.97877883911133, 0, 0.20491944253445, 0, 0.00037662504473701, 0, 0, 1, },
		{ 0.17336858808994, 0, -0.9848570227623, 0, 0, 1, 0, 0, 0.9848570227623, 0, 0.17336858808994, 0, 0.00038558957749046, 0, 0, 1, },
		{ 0.16008250415325, 0, -0.98710358142853, 0, 0, 1, 0, 0, 0.98710358142853, 0, 0.16008250415325, 0, 0.00039455413934775, 0, 0, 1, },
		{ 0.17063584923744, 0, -0.98533415794373, 0, 0, 1, 0, 0, 0.98533415794373, 0, 0.17063584923744, 0, 0.0004035186721012, 0, 0, 1, },
		{ 0.19571951031685, 0, -0.98065984249115, 0, 0, 1, 0, 0, 0.98065984249115, 0, 0.19571951031685, 0, 0.00041248320485465, 0, 0, 1, },
		{ 0.22549024224281, 0, -0.97424536943436, 0, 0, 1, 0, 0, 0.97424536943436, 0, 0.22549024224281, 0, 0.0004214477376081, 0, 0, 1, },
		{ 0.25027364492416, 0, -0.96817511320114, 0, 0, 1, 0, 0, 0.96817511320114, 0, 0.25027364492416, 0, 0.00043041227036156, 0, 0, 1, },
		{ 0.26061877608299, 0, -0.96544176340103, 0, 0, 1, 0, 0, 0.96544176340103, 0, 0.26061877608299, 0, 0.00043937683221884, 0, 0, 1, },
		{ 0.25210064649582, 0, -0.96770095825195, 0, 0, 1, 0, 0, 0.96770095825195, 0, 0.25210064649582, 0, 0.00044834136497229, 0, 0, 1, },
		{ 0.2317106127739, 0, -0.97278475761414, 0, 0, 1, 0, 0, 0.97278475761414, 0, 0.2317106127739, 0, 0.00045730589772575, 0, 0, 1, },
		{ 0.20724099874496, 0, -0.97828990221024, 0, 0, 1, 0, 0, 0.97828990221024, 0, 0.20724099874496, 0, 0.0004662704304792, 0, 0, 1, },
		{ 0.18663837015629, 0, -0.98242861032486, 0, 0, 1, 0, 0, 0.98242861032486, 0, 0.18663837015629, 0, 0.00047523496323265, 0, 0, 1, },
		{ 0.17797316610813, 0, -0.98403525352478, 0, 0, 1, 0, 0, 0.98403525352478, 0, 0.17797316610813, 0, 0.00048423765110783, 0, 0, 1, },
		{ 0.18282610177994, 0, -0.98314517736435, 0, 0, 1, 0, 0, 0.98314517736435, 0, 0.18282610177994, 0, 0.00049320218386129, 0, 0, 1, },
		{ 0.19437955319881, 0, -0.98092639446259, 0, 0, 1, 0, 0, 0.98092639446259, 0, 0.19437955319881, 0, 0.00050216674571857, 0, 0, 1, },
		{ 0.20813402533531, 0, -0.97810029983521, 0, 0, 1, 0, 0, 0.97810029983521, 0, 0.20813402533531, 0, 0.00051113124936819, 0, 0, 1, },
		{ 0.21962635219097, 0, -0.97558403015137, 0, 0, 1, 0, 0, 0.97558403015137, 0, 0.21962635219097, 0, 0.00052009581122547, 0, 0, 1, },
		{ 0.22443695366383, 0, -0.97448861598969, 0, 0, 1, 0, 0, 0.97448861598969, 0, 0.22443695366383, 0, 0.00052906037308276, 0, 0, 1, },
		{ 0.22443695366383, 0, -0.97448861598969, 0, 0, 1, 0, 0, 0.97448861598969, 0, 0.22443695366383, 0, 0.00053802487673238, -0.0072746276855469, 0, 1, },
		{ 0.22443695366383, 0, -0.97448861598969, 0, 0, 1, 0, 0, 0.97448861598969, 0, 0.22443695366383, 0, 0.00054698943858966, -0.026867674663663, 0, 1, },
		{ 0.22443695366383, 0, -0.97448861598969, 0, 0, 1, 0, 0, 0.97448861598969, 0, 0.22443695366383, 0, 0.0018460082355887, -0.055432736873627, 0, 1, },
		{ 0.22443695366383, 0, -0.97448861598969, 0, 0, 1, 0, 0, 0.97448861598969, 0, 0.22443695366383, 0, 0.0043757627718151, -0.08962432295084, 0, 1, },
		{ 0.22443695366383, 0, -0.97448861598969, 0, 0, 1, 0, 0, 0.97448861598969, 0, 0.22443695366383, 0, 0.0089577864855528, -0.12692718207836, 0, 1, },
		{ 0.22443695366383, 0, -0.97448861598969, 0, 0, 1, 0, 0, 0.97448861598969, 0, 0.22443695366383, 0, 0.017836647108197, -0.16815383732319, 0, 1, },
		{ 0.22443695366383, 0, -0.97448861598969, 0, 0, 1, 0, 0, 0.97448861598969, 0, 0.22443695366383, 0, 0.031444739550352, -0.21653899550438, 0, 1, },
		{ 0.22443695366383, 0, -0.97448861598969, 0, 0, 1, 0, 0, 0.97448861598969, 0, 0.22443695366383, 0, 0.045230407267809, -0.2747740149498, 0, 1, },
		{ 0.22443695366383, 0, -0.97448861598969, 0, 0, 1, 0, 0, 0.97448861598969, 0, 0.22443695366383, 0, 0.064440190792084, -0.32647049427032, 0, 1, },
		{ 0.22443695366383, 0, -0.97448861598969, 0, 0, 1, 0, 0, 0.97448861598969, 0, 0.22443695366383, 0, 0.089977987110615, -0.37617141008377, 0, 1, },
		{ 0.22443695366383, 0, -0.97448861598969, 0, 0, 1, 0, 0, 0.97448861598969, 0, 0.22443695366383, 0, 0.12129962444305, -0.43315306305885, 0, 1, },
		{ 0.22443695366383, 0, -0.97448861598969, 0, 0, 1, 0, 0, 0.97448861598969, 0, 0.22443695366383, 0, 0.15912532806396, -0.49306929111481, 0, 1, },
		{ 0.22443695366383, 0, -0.97448861598969, 0, 0, 1, 0, 0, 0.97448861598969, 0, 0.22443695366383, 0, 0.20304404199123, -0.54068130254745, 0, 1, },
		{ 0.22443695366383, 0, -0.97448861598969, 0, 0, 1, 0, 0, 0.97448861598969, 0, 0.22443695366383, 0, 0.2531658411026, -0.59214580059052, 0, 1, },
		{ 0.22443695366383, 0, -0.97448861598969, 0, 0, 1, 0, 0, 0.97448861598969, 0, 0.22443695366383, 0, 0.30424776673317, -0.64793407917023, 0, 1, },
		{ 0.22443695366383, 0, -0.97448861598969, 0, 0, 1, 0, 0, 0.97448861598969, 0, 0.22443695366383, 0, 0.37247800827026, -0.68669706583023, 0, 1, },
		{ 0.22443695366383, 0, -0.97448861598969, 0, 0, 1, 0, 0, 0.97448861598969, 0, 0.22443695366383, 0, 0.43794485926628, -0.71956831216812, 0, 1, },
		{ 0.22443695366383, 0, -0.97448861598969, 0, 0, 1, 0, 0, 0.97448861598969, 0, 0.22443695366383, 0, 0.51080465316772, -0.75080305337906, 0, 1, },
		{ 0.22443695366383, 0, -0.97448861598969, 0, 0, 1, 0, 0, 0.97448861598969, 0, 0.22443695366383, 0, 0.5842472910881, -0.77582746744156, 0, 1, },
		{ 0.22443695366383, 0, -0.97448861598969, 0, 0, 1, 0, 0, 0.97448861598969, 0, 0.22443695366383, 0, 0.66285198926926, -0.79165893793106, 0, 1, },
		{ 0.22443695366383, 0, -0.97448861598969, 0, 0, 1, 0, 0, 0.97448861598969, 0, 0.22443695366383, 0, 0.73989951610565, -0.79917705059052, 0, 1, },
		{ 0.22443695366383, 0, -0.97448861598969, 0, 0, 1, 0, 0, 0.97448861598969, 0, 0.22443695366383, 0, 0.82292127609253, -0.79917705059052, 0, 1, },
		{ 0.22443695366383, 0, -0.97448861598969, 0, 0, 1, 0, 0, 0.97448861598969, 0, 0.22443695366383, 0, 0.89890223741531, -0.79917705059052, 0, 1, },
		{ 0.22443695366383, 0, -0.97448861598969, 0, 0, 1, 0, 0, 0.97448861598969, 0, 0.22443695366383, 0, 0.96479445695877, -0.79917705059052, 0, 1, },
		{ 0.22443695366383, 0, -0.97448861598969, 0, 0, 1, 0, 0, 0.97448861598969, 0, 0.22443695366383, 0, 1.0448622703552, -0.76429945230484, 0, 1, },
		{ 0.22443695366383, 0, -0.97448861598969, 0, 0, 1, 0, 0, 0.97448861598969, 0, 0.22443695366383, 0, 1.1079231500626, -0.7356613278389, 0, 1, },
		{ 0.22443695366383, 0, -0.97448861598969, 0, 0, 1, 0, 0, 0.97448861598969, 0, 0.22443695366383, 0, 1.1777414083481, -0.70227110385895, 0, 1, },
		{ 0.22443695366383, 0, -0.97448861598969, 0, 0, 1, 0, 0, 0.97448861598969, 0, 0.22443695366383, 0, 1.2319705486298, -0.66835600137711, 0, 1, },
		{ 0.22443695366383, 0, -0.97448861598969, 0, 0, 1, 0, 0, 0.97448861598969, 0, 0.22443695366383, 0, 1.2867474555969, -0.63077175617218, 0, 1, },
		{ 0.22443695366383, 0, -0.97448861598969, 0, 0, 1, 0, 0, 0.97448861598969, 0, 0.22443695366383, 0, 1.3317102193832, -0.59081310033798, 0, 1, },
		{ 0.22443695366383, 0, -0.97448861598969, 0, 0, 1, 0, 0, 0.97448861598969, 0, 0.22443695366383, 0, 1.3715603351593, -0.54820603132248, 0, 1, },
		{ 0.22443695366383, 0, -0.97448861598969, 0, 0, 1, 0, 0, 0.97448861598969, 0, 0.22443695366383, 0, 1.4086486101151, -0.50975078344345, 0, 1, },
		{ 0.22443695366383, 0, -0.97448861598969, 0, 0, 1, 0, 0, 0.97448861598969, 0, 0.22443695366383, 0, 1.4365850687027, -0.47253555059433, 0, 1, },
		{ 0.22443695366383, 0, -0.97448861598969, 0, 0, 1, 0, 0, 0.97448861598969, 0, 0.22443695366383, 0, 1.4605578184128, -0.43542402982712, 0, 1, },
		{ 0.22443695366383, 0, -0.97448861598969, 0, 0, 1, 0, 0, 0.97448861598969, 0, 0.22443695366383, 0, 1.4786639213562, -0.402273863554, 0, 1, },
		{ 0.22443695366383, 0, -0.97448861598969, 0, 0, 1, 0, 0, 0.97448861598969, 0, 0.22443695366383, 0, 1.4935232400894, -0.37072202563286, 0, 1, },
		{ 0.22443695366383, 0, -0.97448861598969, 0, 0, 1, 0, 0, 0.97448861598969, 0, 0.22443695366383, 0, 1.5059057474136, -0.35533079504967, 0, 1, },
		{ 0.22443695366383, 0, -0.97448861598969, 0, 0, 1, 0, 0, 0.97448861598969, 0, 0.22443695366383, 0, 1.5077860355377, -0.33968275785446, -0.0081640621647239, 1, },
		{ 0.22443695366383, 0, -0.97448861598969, 0, 0, 1, 0, 0, 0.97448861598969, 0, 0.22443695366383, 0, 1.5109032392502, -0.32855087518692, -0.0081640621647239, 1, },
		{ 0.22443695366383, 0, -0.97448861598969, 0, 0, 1, 0, 0, 0.97448861598969, 0, 0.22443695366383, 0, 1.5109032392502, -0.32855087518692, -0.0081640621647239, 1, },
	},
}
end
