function data()
return {
	times = { 0, 83.333, 125, 166.667, 208.333, 250, 291.667, 333.333, 375, 416.667, 458.333, 500, 541.667, 583.333, 625, 666.667, 708.333, 750, 791.667, 833.333, 875, 916.667, 958.333, 1000, 1041.667, 1083.333, 1125, 1166.667, 1208.333, 1250, 1291.667, 1333.333, 1375, 1416.667, 1458.333, 1500, 1541.667, 1583.333, 1625, 1666.667, 1708.333, 1750, 1791.667, 1833.333, 1875, 1916.667, 1958.333, 2000, 2041.667, 2083.333, 2125, 2166.667, 2208.333, 2250, 2291.667, 2500, 2541.667, 2583.333, 2625, 2666.667, 2708.333, 2750, 2791.667, 2833.333, 2875, 2916.667, 2958.333, 3000, 3041.667, 3083.333, 3125, 3166.667, 3208.333, 3250, 3291.667, 3333.333, 3375, 3416.667, 3458.333, 3500, 3541.667, 3583.333, 3625, 3666.667, 3708.333, 3750, 3791.667, 3833.333, 3875, 3916.667, 3958.333, 4000, 4041.667, 4083.333, 4125, 4583.333, },
	transfs = {
		{ 0.99999588727951, 0, 0.0028487106319517, 0, 0, 1, 0, 0, -0.0028487106319517, 0, 0.99999588727951, 0, 0, 0, 0, 1, },
		{ 0.99993717670441, 0, 0.011204551905394, 0, 0, 1, 0, 0, -0.011204551905394, 0, 0.99993717670441, 0, 1.6441344996565e-05, 0, 0, 1, },
		{ 0.99969291687012, 0, 0.024780564010143, 0, 0, 1, 0, 0, -0.024780564010143, 0, 0.99969291687012, 0, 3.2844542147359e-05, 0, 0, 1, },
		{ 0.99906277656555, 0, 0.04328503087163, 0, 0, 1, 0, 0, -0.04328503087163, 0, 0.99906277656555, 0, 4.9285888962913e-05, 0, 0, 1, },
		{ 0.99779188632965, 0, 0.066417120397091, 0, 0, 1, 0, 0, -0.066417120397091, 0, 0.99779188632965, 0, 6.5727232140489e-05, 0, 0, 1, },
		{ 0.99558514356613, 0, 0.093862101435661, 0, 0, 1, 0, 0, -0.093862101435661, 0, 0.99558514356613, 0, 8.2130427472293e-05, 0, 0, 1, },
		{ 0.99212062358856, 0, 0.12528656423092, 0, 0, 1, 0, 0, -0.12528656423092, 0, 0.99212062358856, 0, 9.8571777925827e-05, 0, 0, 1, },
		{ 0.98706269264221, 0, 0.16033460199833, 0, 0, 1, 0, 0, -0.16033460199833, 0, 0.98706269264221, 0, 0.00011497497325763, 0, 0, 1, },
		{ 0.98007565736771, 0, 0.19862441718578, 0, 0, 1, 0, 0, -0.19862441718578, 0, 0.98007565736771, 0, 0.00013141632371116, 0, 0, 1, },
		{ 0.9708354473114, 0, 0.2397468984127, 0, 0, 1, 0, 0, -0.2397468984127, 0, 0.9708354473114, 0, 0.00014785765961278, 0, 0, 1, },
		{ 0.95904141664505, 0, 0.28326559066772, 0, 0, 1, 0, 0, -0.28326559066772, 0, 0.95904141664505, 0, 0.00016426085494459, 0, 0, 1, },
		{ 0.94442796707153, 0, 0.32871836423874, 0, 0, 1, 0, 0, -0.32871836423874, 0, 0.94442796707153, 0, 0.00018070220539812, 0, 0, 1, },
		{ 0.92677360773087, 0, 0.3756203353405, 0, 0, 1, 0, 0, -0.3756203353405, 0, 0.92677360773087, 0, 0.00019714355585165, 0, 0, 1, },
		{ 0.90591031312943, 0, 0.423469632864, 0, 0, 1, 0, 0, -0.423469632864, 0, 0.90591031312943, 0, 0.00021354675118346, 0, 0, 1, },
		{ 0.88173031806946, 0, 0.47175377607346, 0, 0, 1, 0, 0, -0.47175377607346, 0, 0.88173031806946, 0, 0.00022998808708508, 0, 0, 1, },
		{ 0.85419201850891, 0, 0.51995772123337, 0, 0, 1, 0, 0, -0.51995772123337, 0, 0.85419201850891, 0, 0.00024642943753861, 0, 0, 1, },
		{ 0.82332324981689, 0, 0.5675727725029, 0, 0, 1, 0, 0, -0.5675727725029, 0, 0.82332324981689, 0, 0.00026283264742233, 0, 0, 1, },
		{ 0.78922283649445, 0, 0.61410683393478, 0, 0, 1, 0, 0, -0.61410683393478, 0, 0.78922283649445, 0, 0.00027927398332395, 0, 0, 1, },
		{ 0.75206065177917, 0, 0.65909379720688, 0, 0, 1, 0, 0, -0.65909379720688, 0, 0.75206065177917, 0, 0.00029567716410384, 0, 0, 1, },
		{ 0.71207422018051, 0, 0.70210421085358, 0, 0, 1, 0, 0, -0.70210421085358, 0, 0.71207422018051, 0, 0.00031211852910928, 0, 0, 1, },
		{ 0.66956502199173, 0, 0.7427533864975, 0, 0, 1, 0, 0, -0.7427533864975, 0, 0.66956502199173, 0, 0.0003285598650109, 0, 0, 1, },
		{ 0.62489145994186, 0, 0.78071165084839, 0, 0, 1, 0, 0, -0.78071165084839, 0, 0.62489145994186, 0, 0.00034496307489462, 0, 0, 1, },
		{ 0.57846212387085, 0, 0.815709233284, 0, 0, 1, 0, 0, -0.815709233284, 0, 0.57846212387085, 0, 0.00036140441079624, 0, 0, 1, },
		{ 0.53072559833527, 0, 0.84754365682602, 0, 0, 1, 0, 0, -0.84754365682602, 0, 0.53072559833527, 0, 0.00037784574669786, 0, 0, 1, },
		{ 0.48216217756271, 0, 0.87608194351196, 0, 0, 1, 0, 0, -0.87608194351196, 0, 0.48216217756271, 0, 0.00039424895658158, 0, 0, 1, },
		{ 0.43327301740646, 0, 0.90126264095306, 0, 0, 1, 0, 0, -0.90126264095306, 0, 0.43327301740646, 0, 0.0004106902924832, 0, 0, 1, },
		{ 0.38456943631172, 0, 0.92309600114822, 0, 0, 1, 0, 0, -0.92309600114822, 0, 0.38456943631172, 0, 0.00042713165748864, 0, 0, 1, },
		{ 0.33656573295593, 0, 0.94165998697281, 0, 0, 1, 0, 0, -0.94165998697281, 0, 0.33656573295593, 0, 0.00044353483826853, 0, 0, 1, },
		{ 0.28976753354073, 0, 0.95709699392319, 0, 0, 1, 0, 0, -0.95709699392319, 0, 0.28976753354073, 0, 0.00045997617417015, 0, 0, 1, },
		{ 0.24466635286808, 0, 0.9696072936058, 0, 0, 1, 0, 0, -0.9696072936058, 0, 0.24466635286808, 0, 0.00047637938405387, 0, 0, 1, },
		{ 0.20210133492947, 0, 0.97936457395554, 0, 0, 1, 0, 0, -0.97936457395554, 0, 0.20210133492947, 0, 0.00049282074905932, 0, 0, 1, },
		{ 0.16437593102455, 0, 0.9863977432251, 0, 0, 1, 0, 0, -0.9863977432251, 0, 0.16437593102455, 0, 0.00050926208496094, 0, 0, 1, },
		{ 0.13416954874992, 0, 0.99095833301544, 0, 0, 1, 0, 0, -0.99095833301544, 0, 0.13416954874992, 0, 0.00052566529484466, 0, 0, 1, },
		{ 0.1141382753849, 0, 0.99346488714218, 0, 0, 1, 0, 0, -0.99346488714218, 0, 0.1141382753849, 0, 0.00054210663074628, 0, 0, 1, },
		{ 0.10689029842615, 0, 0.99427074193954, 0, 0, 1, 0, 0, -0.99427074193954, 0, 0.10689029842615, 0, 0.00055854796664789, 0, 0, 1, },
		{ 0.12830241024494, 0, 0.99173504114151, 0, 0, 1, 0, 0, -0.99173504114151, 0, 0.12830241024494, 0, 0.00057495117653161, 0, 0, 1, },
		{ 0.17910254001617, 0, 0.98383033275604, 0, 0, 1, 0, 0, -0.98383033275604, 0, 0.17910254001617, 0, 0.00059139251243323, 0, 0, 1, },
		{ 0.23910412192345, 0, 0.97099393606186, 0, 0, 1, 0, 0, -0.97099393606186, 0, 0.23910412192345, 0, 0.00060779572231695, 0, 0, 1, },
		{ 0.28869196772575, 0, 0.9574219584465, 0, 0, 1, 0, 0, -0.9574219584465, 0, 0.28869196772575, 0, 0.00062423705821857, 0, 0, 1, },
		{ 0.30926698446274, 0, 0.95097523927689, 0, 0, 1, 0, 0, -0.95097523927689, 0, 0.30926698446274, 0, 0.00064067839412019, 0, 0, 1, },
		{ 0.29731306433678, 0.00072893098695204, 0.95477968454361, 0, 0.0014416279736906, 0.99999821186066, -0.0012123680207878, 0, -0.95477896928787, 0.0017368900589645, 0.29731148481369, 0, 0.00065708160400391, 0, 0, 1, },
		{ 0.26861667633057, 0.002229070989415, 0.96324449777603, 0, 0.0049961917102337, 0.99998062849045, -0.0037073534913361, 0, -0.96323418617249, 0.0058084116317332, 0.2686003446579, 0, 0.00067352293990552, 0, 0, 1, },
		{ 0.23404562473297, 0.0035755834542215, 0.97221899032593, 0, 0.0094255274161696, 0.9999378323555, -0.0059465663507581, 0, -0.97217988967896, 0.010555445216596, 0.23399740457535, 0, 0.00068996427580714, 0, 0, 1, },
		{ 0.20484530925751, 0.0043274993076921, 0.97878479957581, 0, 0.013263376429677, 0.99988615512848, -0.00719662476331, 0, -0.97870445251465, 0.014456186443567, 0.20476460456848, 0, 0.00070636748569086, 0, 0, 1, },
		{ 0.19254399836063, 0.0045399274677038, 0.98127776384354, 0, 0.014900535345078, 0.99986046552658, -0.0075496486388147, 0, -0.98117518424988, 0.016075205057859, 0.19244948029518, 0, 0.00072280882159248, 0, 0, 1, },
		{ 0.19783112406731, 0.0045636454597116, 0.98022550344467, 0, 0.014854928478599, 0.99986028671265, -0.0076531125232577, 0, -0.98012357950211, 0.016075203195214, 0.19773571193218, 0, 0.0007392501574941, 0, 0, 1, },
		{ 0.21041578054428, 0.0045979372225702, 0.97760111093521, 0, 0.014748103916645, 0.99986016750336, -0.0078769633546472, 0, -0.97750073671341, 0.016075203195214, 0.21031858026981, 0, 0.00075565336737782, 0, 0, 1, },
		{ 0.22539056837559, 0.0045978743582964, 0.97425764799118, 0, 0.014625525102019, 0.99986016750336, -0.0081022577360272, 0, -0.97415864467621, 0.016075203195214, 0.22529180347919, 0, 0.00077209470327944, 0, 0, 1, },
		{ 0.23789720237255, 0.0045635760761797, 0.97127956151962, 0, 0.014528311789036, 0.99986028671265, -0.0082563078030944, 0, -0.9711816906929, 0.016075205057859, 0.2377976924181, 0, 0.00078849791316316, 0, 0, 1, },
		{ 0.24312995374203, 0.0045399283990264, 0.96998310089111, 0, 0.014489338733256, 0.99986046552658, -0.0083115752786398, 0, -0.96988546848297, 0.016075206920505, 0.24303025007248, 0, 0.00080493924906477, 0, 0, 1, },
		{ 0.24132636189461, 0.0046217651106417, 0.97043299674988, 0, 0.014725845307112, 0.99985599517822, -0.0084239039570093, 0, -0.97033220529556, 0.016323355957866, 0.24122355878353, 0, 0.00082138058496639, 0, 0, 1, },
		{ 0.23702163994312, 0.004809882491827, 0.97149246931076, 0, 0.015291941352189, 0.99984538555145, -0.0086811380460858, 0, -0.97138398885727, 0.016913624480367, 0.23691144585609, 0, 0.00083778379485011, 0, 0, 1, },
		{ 0.23187750577927, 0.0050214272923768, 0.97273194789886, 0, 0.015971409156919, 0.99983215332031, -0.0089685497805476, 0, -0.97261387109756, 0.0176155064255, 0.23175841569901, 0, 0.00085422513075173, 0, 0, 1, },
		{ 0.22756257653236, 0.005187769420445, 0.97374963760376, 0, 0.016543757170439, 0.99982088804245, -0.0091928970068693, 0, -0.97362285852432, 0.018201438710093, 0.22743597626686, 0, 0.00087066646665335, 0, 0, 1, },
		{ 0.22753021121025, 0.0052545689977705, 0.97375679016113, 0, 0.016767596825957, 0.99981606006622, -0.0093131437897682, 0, -0.97362667322159, 0.018446585163474, 0.22740025818348, 0, 0.00088706967653707, 0, 0, 1, },
		{ 0.22736850380898, 0.0052545689977705, 0.97379457950592, 0, 0.016769142821431, 0.99981606006622, -0.0093103591352701, 0, -0.97366440296173, 0.018446585163474, 0.22723858058453, 0, 0.00096920010400936, 0, 0, 1, },
		{ 0.22733624279499, 0.0052545689977705, 0.97380214929581, 0, 0.016769450157881, 0.99981606006622, -0.0093098031356931, 0, -0.97367185354233, 0.018446585163474, 0.22720628976822, 0, 0.00098564149811864, 0.0058755492791533, 0, 1, },
		{ 0.22730393707752, 0.0052545689977705, 0.9738095998764, 0, 0.016769761219621, 0.99981606006622, -0.009309247136116, 0, -0.97367948293686, 0.018446585163474, 0.22717399895191, 0, 0.0010020828340203, 0.017348632216454, 0, 1, },
		{ 0.22727152705193, 0.0052545689977705, 0.97381722927094, 0, 0.01677006855607, 0.99981606006622, -0.0093086892738938, 0, -0.97368693351746, 0.018446585163474, 0.22714158892632, 0, 0.0010184859856963, 0.038177490234375, 0, 1, },
		{ 0.22723923623562, 0.0052545689977705, 0.97382479906082, 0, 0.01677037961781, 0.99981606006622, -0.0093081332743168, 0, -0.97369456291199, 0.018446585163474, 0.22710931301117, 0, 0.0010349273215979, 0.064659424126148, 0, 1, },
		{ 0.22720694541931, 0.0052545689977705, 0.97383230924606, 0, 0.016770688816905, 0.99981606006622, -0.0093075772747397, 0, -0.97370201349258, 0.018446585163474, 0.22707702219486, 0, -0.0013827513903379, 0.10802154242992, 0, 1, },
		{ 0.22717466950417, 0.0052545689977705, 0.97383987903595, 0, 0.016770996153355, 0.99981606006622, -0.0093070212751627, 0, -0.97370958328247, 0.018446585163474, 0.22704473137856, 0, -0.0042418669909239, 0.15374770760536, 0, 1, },
		{ 0.22714224457741, 0.0052545689977705, 0.97384732961655, 0, 0.016771307215095, 0.99981606006622, -0.0093064624816179, 0, -0.97371709346771, 0.018446585163474, 0.22701232135296, 0, -0.0146120833233, 0.19074462354183, 0, 1, },
		{ 0.2271099537611, 0.0052545689977705, 0.97385495901108, 0, 0.016771614551544, 0.99981606006622, -0.0093059064820409, 0, -0.9737246632576, 0.018446585163474, 0.22698004543781, 0, -0.028131522238255, 0.23928877711296, 0, 1, },
		{ 0.22707764804363, 0.0052545689977705, 0.97386240959167, 0, 0.016771923750639, 0.99981606006622, -0.0093053504824638, 0, -0.97373223304749, 0.018446585163474, 0.22694775462151, 0, -0.044773671776056, 0.29478180408478, 0, 1, },
		{ 0.22704523801804, 0.0052545689977705, 0.97387003898621, 0, 0.016772231087089, 0.99981606006622, -0.0093047916889191, 0, -0.97373974323273, 0.018446585163474, 0.22691534459591, 0, -0.067934036254883, 0.35204085707664, 0, 1, },
		{ 0.22701294720173, 0.0052545689977705, 0.9738774895668, 0, 0.016772542148829, 0.99981606006622, -0.009304235689342, 0, -0.97374731302261, 0.018446585163474, 0.2268830537796, 0, -0.09328144043684, 0.41675704717636, 0, 1, },
		{ 0.22698065638542, 0.0052545689977705, 0.97388505935669, 0, 0.016772849485278, 0.99981606006622, -0.009303679689765, 0, -0.97375482320786, 0.018446585163474, 0.22685077786446, 0, -0.12823452055454, 0.47661679983139, 0, 1, },
		{ 0.22694838047028, 0.0052545689977705, 0.97389256954193, 0, 0.016773158684373, 0.99981606006622, -0.0093031236901879, 0, -0.97376227378845, 0.018446585163474, 0.22681848704815, 0, -0.17859725654125, 0.52280133962631, 0, 1, },
		{ 0.22691595554352, 0.0052545689977705, 0.97390013933182, 0, 0.016773467883468, 0.99981606006622, -0.0093025658279657, 0, -0.97376984357834, 0.018446585163474, 0.22678607702255, 0, -0.23080748319626, 0.57229918241501, 0, 1, },
		{ 0.22688366472721, 0.0052545689977705, 0.97390764951706, 0, 0.016773777082562, 0.99981606006622, -0.0093020079657435, 0, -0.97377735376358, 0.018446585163474, 0.22675378620625, 0, -0.29131001234055, 0.62589263916016, 0, 1, },
		{ 0.2268513739109, 0.0052545689977705, 0.97391521930695, 0, 0.016774086281657, 0.99981606006622, -0.0093014528974891, 0, -0.97378492355347, 0.018446585163474, 0.22672149538994, 0, -0.35791927576065, 0.66684174537659, 0, 1, },
		{ 0.22681893408298, 0.0052545689977705, 0.97392272949219, 0, 0.016774395480752, 0.99981606006622, -0.0093008950352669, 0, -0.97379249334335, 0.018446585163474, 0.22668908536434, 0, -0.42659452557564, 0.71124386787415, 0, 1, },
		{ 0.22678665816784, 0.0052545689977705, 0.97393029928207, 0, 0.016774702817202, 0.99981606006622, -0.0093003381043673, 0, -0.97380000352859, 0.018446585163474, 0.22665679454803, 0, -0.50555199384689, 0.74424910545349, 0, 1, },
		{ 0.22675436735153, 0.0052545689977705, 0.97393774986267, 0, 0.016775012016296, 0.99981606006622, -0.0092997821047902, 0, -0.97380745410919, 0.018446585163474, 0.22662448883057, 0, -0.58454346656799, 0.77249145507813, 0, 1, },
		{ 0.22672207653522, 0.0052545689977705, 0.97394531965256, 0, 0.016775317490101, 0.99981606006622, -0.0092992261052132, 0, -0.97381502389908, 0.018446585163474, 0.22659222781658, 0, -0.66579133272171, 0.79256939888, 0, 1, },
		{ 0.22668963670731, 0.0052545689977705, 0.9739528298378, 0, 0.016775630414486, 0.99981606006622, -0.0092986673116684, 0, -0.97382253408432, 0.018446585163474, 0.22655978798866, 0, -0.75317573547363, 0.79256939888, 0, 1, },
		{ 0.226657345891, 0.0052545689977705, 0.97396039962769, 0, 0.01677593588829, 0.99981606006622, -0.0092981113120914, 0, -0.97382998466492, 0.018446585163474, 0.22652749717236, 0, -0.83414685726166, 0.79256939888, 0, 1, },
		{ 0.22662505507469, 0.0052545689977705, 0.97396790981293, 0, 0.01677624695003, 0.99981606006622, -0.0092975543811917, 0, -0.9738375544548, 0.018446585163474, 0.22649520635605, 0, -0.91710591316223, 0.78233933448792, 0, 1, },
		{ 0.2265926450491, 0.0052545689977705, 0.97397536039352, 0, 0.016776556149125, 0.99981606006622, -0.009296995587647, 0, -0.97384506464005, 0.018446585163474, 0.22646279633045, 0, -0.9985316991806, 0.7644305229187, 0, 1, },
		{ 0.22656035423279, 0.0052545689977705, 0.97398293018341, 0, 0.016776863485575, 0.99981606006622, -0.0092964405193925, 0, -0.97385263442993, 0.018446585163474, 0.22643052041531, 0, -1.0746718645096, 0.73792481422424, 0, 1, },
		{ 0.22652806341648, 0.0052545689977705, 0.97399038076401, 0, 0.016777172684669, 0.99981606006622, -0.0092958845198154, 0, -0.97386008501053, 0.018446585163474, 0.226398229599, 0, -1.1455029249191, 0.70422726869583, 0, 1, },
		{ 0.22649575769901, 0.0052545689977705, 0.97399789094925, 0, 0.016777480021119, 0.99981606006622, -0.0092953275889158, 0, -0.97386765480042, 0.018446585163474, 0.22636593878269, 0, -1.2105799913406, 0.66812074184418, 0, 1, },
		{ 0.22646333277225, 0.0052545689977705, 0.97400546073914, 0, 0.016777789220214, 0.99981606006622, -0.0092947697266936, 0, -0.97387516498566, 0.018446585163474, 0.22633349895477, 0, -1.2691028118134, 0.62379622459412, 0, 1, },
		{ 0.22643104195595, 0.0052545689977705, 0.97401303052902, 0, 0.016778098419309, 0.99981606006622, -0.009294212795794, 0, -0.97388261556625, 0.018446585163474, 0.22630120813847, 0, -1.3218330144882, 0.57640117406845, 0, 1, },
		{ 0.22639873623848, 0.0052545689977705, 0.97402054071426, 0, 0.016778405755758, 0.99981606006622, -0.009293656796217, 0, -0.97389018535614, 0.018446585163474, 0.22626891732216, 0, -1.3662676811218, 0.53139799833298, 0, 1, },
		{ 0.22636631131172, 0.0052545689977705, 0.97402799129486, 0, 0.016778714954853, 0.99981606006622, -0.0092930980026722, 0, -0.97389769554138, 0.018446585163474, 0.22623650729656, 0, -1.4067425727844, 0.48575881123543, 0, 1, },
		{ 0.22633403539658, 0.0052545689977705, 0.97403556108475, 0, 0.016779024153948, 0.99981606006622, -0.0092925420030951, 0, -0.97390514612198, 0.018446585163474, 0.22620423138142, 0, -1.4386113882065, 0.43967163562775, 0, 1, },
		{ 0.22630172967911, 0.0052545689977705, 0.97404307126999, 0, 0.016779331490397, 0.99981606006622, -0.0092919860035181, 0, -0.97391271591187, 0.018446585163474, 0.22617194056511, 0, -1.4643247127533, 0.38991272449493, 0, 1, },
		{ 0.22626942396164, 0.0052545689977705, 0.97405052185059, 0, 0.016779640689492, 0.99981606006622, -0.0092914290726185, 0, -0.97392022609711, 0.018446585163474, 0.2261396497488, 0, -1.4846954345703, 0.35284316539764, 0, 1, },
		{ 0.22623701393604, 0.0052545689977705, 0.97405809164047, 0, 0.016779949888587, 0.99981606006622, -0.0092908702790737, 0, -0.9739276766777, 0.018446585163474, 0.22610720992088, 0, -1.5023659467697, 0.31691208481789, 0, 1, },
		{ 0.22620470821857, 0.0052545689977705, 0.97406560182571, 0, 0.016780257225037, 0.99981606006622, -0.0092903133481741, 0, -0.97393524646759, 0.018446585163474, 0.22607491910458, 0, -1.5165230035782, 0.28108260035515, 0, 1, },
		{ 0.22617240250111, 0.0052545689977705, 0.97407305240631, 0, 0.016780564561486, 0.99981606006622, -0.0092897582799196, 0, -0.97394269704819, 0.018446585163474, 0.22604262828827, 0, -1.525564789772, 0.2574610710144, 0, 1, },
		{ 0.22613999247551, 0.0052545689977705, 0.9740806221962, 0, 0.016780871897936, 0.99981606006622, -0.0092891994863749, 0, -0.97395020723343, 0.018446585163474, 0.22601021826267, 0, -1.5301945209503, 0.24382063746452, 0, 1, },
		{ 0.2261077016592, 0.0052545689977705, 0.97408807277679, 0, 0.016781182959676, 0.99981606006622, -0.0092886425554752, 0, -0.97395777702332, 0.018446585163474, 0.22597792744637, 0, -1.5337841510773, 0.22604659199715, 0, 1, },
		{ 0.22575201094151, 0.0052545689977705, 0.97417056560516, 0, 0.016784571111202, 0.99981606006622, -0.0092825153842568, 0, -0.97404021024704, 0.018446585163474, 0.22562229633331, 0, -1.5337841510773, 0.22604659199715, 0, 1, },
	},
}
end
