function data()
return {
	times = { 0, 83.333, 125, 166.667, 208.333, 250, 291.667, 333.333, 375, 416.667, 458.333, 500, 541.667, 583.333, 625, 666.667, 708.333, 750, 791.667, 833.333, 875, 916.667, 958.333, 1000, 1041.667, 1083.333, 1125, 1166.667, 1208.333, 1250, 1291.667, 1333.333, 1375, 1416.667, 1458.333, 1500, 1541.667, 1583.333, 1625, 1666.667, 1708.333, 1750, 1791.667, 1833.333, 1875, 1916.667, 1958.333, 2000, 2041.667, 2083.333, 2125, 2166.667, 2208.333, 2250, 2291.667, 2500, 2541.667, 2583.333, 2625, 2666.667, 2708.333, 2750, 2791.667, 2833.333, 2875, 2916.667, 2958.333, 3000, 3041.667, 3083.333, 3125, 3166.667, 3208.333, 3250, 3291.667, 3333.333, 3375, 3416.667, 3458.333, 3500, 3541.667, 3583.333, 3625, 3666.667, 3708.333, 3750, 3791.667, 3833.333, 3875, 3916.667, 3958.333, 4000, 4041.667, 4083.333, 4125, 4583.333, },
	transfs = {
		{ 0.99999409914017, 0, -0.003440075321123, 0, 0, 1, 0, 0, 0.003440075321123, 0, 0.99999409914017, 0, 0, 0, 0, 1, },
		{ 0.99990898370743, 0, -0.01349020563066, 0, 0, 1, 0, 0, 0.01349020563066, 0, 0.99990898370743, 0, 1.6441344996565e-05, 0, 0, 1, },
		{ 0.99955761432648, 0, -0.029742624610662, 0, 0, 1, 0, 0, 0.029742624610662, 0, 0.99955761432648, 0, 3.2844542147359e-05, 0, 0, 1, },
		{ 0.9986584186554, 0, -0.05178152397275, 0, 0, 1, 0, 0, 0.05178152397275, 0, 0.9986584186554, 0, 4.9285888962913e-05, 0, 0, 1, },
		{ 0.99686056375504, 0, -0.079176127910614, 0, 0, 1, 0, 0, 0.079176127910614, 0, 0.99686056375504, 0, 6.5727232140489e-05, 0, 0, 1, },
		{ 0.99376738071442, 0, -0.11147345602512, 0, 0, 1, 0, 0, 0.11147345602512, 0, 0.99376738071442, 0, 8.2130427472293e-05, 0, 0, 1, },
		{ 0.98895859718323, 0, -0.1481918245554, 0, 0, 1, 0, 0, 0.1481918245554, 0, 0.98895859718323, 0, 9.8571777925827e-05, 0, 0, 1, },
		{ 0.98201239109039, 0, -0.18881639838219, 0, 0, 1, 0, 0, 0.18881639838219, 0, 0.98201239109039, 0, 0.00011497497325763, 0, 0, 1, },
		{ 0.97252547740936, 0, -0.23279644548893, 0, 0, 1, 0, 0, 0.23279644548893, 0, 0.97252547740936, 0, 0.00013141632371116, 0, 0, 1, },
		{ 0.96013218164444, 0, -0.2795462012291, 0, 0, 1, 0, 0, 0.2795462012291, 0, 0.96013218164444, 0, 0.00014785765961278, 0, 0, 1, },
		{ 0.94452202320099, 0, -0.32844790816307, 0, 0, 1, 0, 0, 0.32844790816307, 0, 0.94452202320099, 0, 0.00016426085494459, 0, 0, 1, },
		{ 0.92545437812805, 0, -0.37885895371437, 0, 0, 1, 0, 0, 0.37885895371437, 0, 0.92545437812805, 0, 0.00018070220539812, 0, 0, 1, },
		{ 0.90277147293091, 0, -0.43012052774429, 0, 0, 1, 0, 0, 0.43012052774429, 0, 0.90277147293091, 0, 0.00019714355585165, 0, 0, 1, },
		{ 0.87640780210495, 0, -0.48156967759132, 0, 0, 1, 0, 0, 0.48156967759132, 0, 0.87640780210495, 0, 0.00021354675118346, 0, 0, 1, },
		{ 0.84639638662338, 0, -0.53255343437195, 0, 0, 1, 0, 0, 0.53255343437195, 0, 0.84639638662338, 0, 0.00022998808708508, 0, 0, 1, },
		{ 0.81287163496017, 0, -0.58244287967682, 0, 0, 1, 0, 0, 0.58244287967682, 0, 0.81287163496017, 0, 0.00024642943753861, 0, 0, 1, },
		{ 0.7760688662529, 0, -0.63064819574356, 0, 0, 1, 0, 0, 0.63064819574356, 0, 0.7760688662529, 0, 0.00026283264742233, 0, 0, 1, },
		{ 0.73631852865219, 0, -0.67663508653641, 0, 0, 1, 0, 0, 0.67663508653641, 0, 0.73631852865219, 0, 0.00027927398332395, 0, 0, 1, },
		{ 0.69404000043869, 0, -0.71993643045425, 0, 0, 1, 0, 0, 0.71993643045425, 0, 0.69404000043869, 0, 0.00029567716410384, 0, 0, 1, },
		{ 0.64973050355911, 0, -0.76016461849213, 0, 0, 1, 0, 0, 0.76016461849213, 0, 0.64973050355911, 0, 0.00031211852910928, 0, 0, 1, },
		{ 0.60395282506943, 0, -0.79702007770538, 0, 0, 1, 0, 0, 0.79702007770538, 0, 0.60395282506943, 0, 0.0003285598650109, 0, 0, 1, },
		{ 0.55731898546219, 0, -0.83029848337173, 0, 0, 1, 0, 0, 0.83029848337173, 0, 0.55731898546219, 0, 0.00034496307489462, 0, 0, 1, },
		{ 0.51047867536545, 0, -0.85989040136337, 0, 0, 1, 0, 0, 0.85989040136337, 0, 0.51047867536545, 0, 0.00036140441079624, 0, 0, 1, },
		{ 0.4641008079052, 0, -0.88578230142593, 0, 0, 1, 0, 0, 0.88578230142593, 0, 0.4641008079052, 0, 0.00037784574669786, 0, 0, 1, },
		{ 0.41886276006699, 0, -0.90804946422577, 0, 0, 1, 0, 0, 0.90804946422577, 0, 0.41886276006699, 0, 0.00039424895658158, 0, 0, 1, },
		{ 0.37543389201164, 0, -0.9268491268158, 0, 0, 1, 0, 0, 0.9268491268158, 0, 0.37543389201164, 0, 0.0004106902924832, 0, 0, 1, },
		{ 0.33446863293648, 0, -0.94240689277649, 0, 0, 1, 0, 0, 0.94240689277649, 0, 0.33446863293648, 0, 0.00042713165748864, 0, 0, 1, },
		{ 0.296596378088, 0, -0.95500284433365, 0, 0, 1, 0, 0, 0.95500284433365, 0, 0.296596378088, 0, 0.00044353483826853, 0, 0, 1, },
		{ 0.26241606473923, 0, -0.96495485305786, 0, 0, 1, 0, 0, 0.96495485305786, 0, 0.26241606473923, 0, 0.00045997617417015, 0, 0, 1, },
		{ 0.23249396681786, 0, -0.97259783744812, 0, 0, 1, 0, 0, 0.97259783744812, 0, 0.23249396681786, 0, 0.00047637938405387, 0, 0, 1, },
		{ 0.20733413100243, 0, -0.97827017307281, 0, 0, 1, 0, 0, 0.97827017307281, 0, 0.20733413100243, 0, 0.00049282074905932, 0, 0, 1, },
		{ 0.18728914856911, 0, -0.98230475187302, 0, 0, 1, 0, 0, 0.98230475187302, 0, 0.18728914856911, 0, 0.00050926208496094, 0, 0, 1, },
		{ 0.17265199124813, 0, -0.98498284816742, 0, 0, 1, 0, 0, 0.98498284816742, 0, 0.17265199124813, 0, 0.00052566529484466, 0, 0, 1, },
		{ 0.16369026899338, 0, -0.98651170730591, 0, 0, 1, 0, 0, 0.98651170730591, 0, 0.16369026899338, 0, 0.00054210663074628, 0, 0, 1, },
		{ 0.16065095365047, 0, -0.98701119422913, 0, 0, 1, 0, 0, 0.98701119422913, 0, 0.16065095365047, 0, 0.00055854796664789, 0, 0, 1, },
		{ 0.17957112193108, 0, -0.98374497890472, 0, 0, 1, 0, 0, 0.98374497890472, 0, 0.17957112193108, 0, 0.00057495117653161, 0, 0, 1, },
		{ 0.2244078963995, 0, -0.97449523210526, 0, 0, 1, 0, 0, 0.97449523210526, 0, 0.2244078963995, 0, 0.00059139251243323, 0, 0, 1, },
		{ 0.277299284935, 0, -0.96078354120255, 0, 0, 1, 0, 0, 0.96078354120255, 0, 0.277299284935, 0, 0.00060779572231695, 0, 0, 1, },
		{ 0.3209822177887, 0, -0.94708520174026, 0, 0, 1, 0, 0, 0.94708520174026, 0, 0.3209822177887, 0, 0.00062423705821857, 0, 0, 1, },
		{ 0.33910617232323, 0, -0.94074809551239, 0, 0, 1, 0, 0, 0.94074809551239, 0, 0.33910617232323, 0, 0.00064067839412019, 0, 0, 1, },
		{ 0.31860387325287, 0, -0.94788789749146, 0, 0, 1, 0, 0, 0.94788789749146, 0, 0.31860387325287, 0, 0.00065708160400391, 0, 0, 1, },
		{ 0.26912587881088, 0, -0.96310496330261, 0, 0, 1, 0, 0, 0.96310496330261, 0, 0.26912587881088, 0, 0.00067352293990552, 0, 0, 1, },
		{ 0.20913870632648, 0, -0.97788590192795, 0, 0, 1, 0, 0, 0.97788590192795, 0, 0.20913870632648, 0, 0.00068996427580714, 0, 0, 1, },
		{ 0.15825520455837, 0, -0.9873982667923, 0, 0, 1, 0, 0, 0.9873982667923, 0, 0.15825520455837, 0, 0.00070636748569086, 0, 0, 1, },
		{ 0.13678267598152, 0, -0.99060106277466, 0, 0, 1, 0, 0, 0.99060106277466, 0, 0.13678267598152, 0, 0.00072280882159248, 0, 0, 1, },
		{ 0.14938086271286, 0, -0.98877966403961, 0, 0, 1, 0, 0, 0.98877966403961, 0, 0.14938086271286, 0, 0.0007392501574941, 0, 0, 1, },
		{ 0.17932170629501, 0, -0.98379051685333, 0, 0, 1, 0, 0, 0.98379051685333, 0, 0.17932170629501, 0, 0.00075565336737782, 0, 0, 1, },
		{ 0.21483898162842, 0, -0.97664946317673, 0, 0, 1, 0, 0, 0.97664946317673, 0, 0.21483898162842, 0, 0.00077209470327944, 0, 0, 1, },
		{ 0.24438124895096, 0, -0.9696791768074, 0, 0, 1, 0, 0, 0.9696791768074, 0, 0.24438124895096, 0, 0.00078849791316316, 0, 0, 1, },
		{ 0.25670453906059, 0, -0.96648985147476, 0, 0, 1, 0, 0, 0.96648985147476, 0, 0.25670453906059, 0, 0.00080493924906477, 0, 0, 1, },
		{ 0.25375455617905, 0, -0.9672686457634, 0, 0, 1, 0, 0, 0.9672686457634, 0, 0.25375455617905, 0, 0.00082138058496639, 0, 0, 1, },
		{ 0.24671000242233, 0, -0.96908926963806, 0, 0, 1, 0, 0, 0.96908926963806, 0, 0.24671000242233, 0, 0.00083778379485011, 0, 0, 1, },
		{ 0.23828496038914, 0, -0.97119528055191, 0, 0, 1, 0, 0, 0.97119528055191, 0, 0.23828496038914, 0, 0.00085422513075173, 0, 0, 1, },
		{ 0.23121266067028, 0, -0.97290325164795, 0, 0, 1, 0, 0, 0.97290325164795, 0, 0.23121266067028, 0, 0.00087066646665335, 0, 0, 1, },
		{ 0.22824294865131, 0, -0.97360414266586, 0, 0, 1, 0, 0, 0.97360414266586, 0, 0.22824294865131, 0, 0.00088706967653707, 0, 0, 1, },
		{ 0.22824294865131, 0, -0.97360414266586, 0, 0, 1, 0, 0, 0.97360414266586, 0, 0.22824294865131, 0, 0.00096920010400936, 0, 0, 1, },
		{ 0.22824294865131, 0, -0.97360414266586, 0, 0, 1, 0, 0, 0.97360414266586, 0, 0.22824294865131, 0, 0.00098564149811864, 0.0058755492791533, 0, 1, },
		{ 0.22824294865131, 0, -0.97360414266586, 0, 0, 1, 0, 0, 0.97360414266586, 0, 0.22824294865131, 0, 0.0010020828340203, 0.017348479479551, 0, 1, },
		{ 0.22824294865131, 0, -0.97360414266586, 0, 0, 1, 0, 0, 0.97360414266586, 0, 0.22824294865131, 0, 0.0010184859856963, 0.038177337497473, 0, 1, },
		{ 0.22824294865131, 0, -0.97360414266586, 0, 0, 1, 0, 0, 0.97360414266586, 0, 0.22824294865131, 0, 0.0010349273215979, 0.064659424126148, 0, 1, },
		{ 0.22824294865131, 0, -0.97360414266586, 0, 0, 1, 0, 0, 0.97360414266586, 0, 0.22824294865131, 0, -0.0013827513903379, 0.10802154242992, 0, 1, },
		{ 0.22824294865131, 0, -0.97360414266586, 0, 0, 1, 0, 0, 0.97360414266586, 0, 0.22824294865131, 0, -0.0042418669909239, 0.15374770760536, 0, 1, },
		{ 0.22824294865131, 0, -0.97360414266586, 0, 0, 1, 0, 0, 0.97360414266586, 0, 0.22824294865131, 0, -0.0146120833233, 0.19074462354183, 0, 1, },
		{ 0.22824294865131, 0, -0.97360414266586, 0, 0, 1, 0, 0, 0.97360414266586, 0, 0.22824294865131, 0, -0.028131522238255, 0.23928877711296, 0, 1, },
		{ 0.22824294865131, 0, -0.97360414266586, 0, 0, 1, 0, 0, 0.97360414266586, 0, 0.22824294865131, 0, -0.044773671776056, 0.29478162527084, 0, 1, },
		{ 0.22824294865131, 0, -0.97360414266586, 0, 0, 1, 0, 0, 0.97360414266586, 0, 0.22824294865131, 0, -0.06793399900198, 0.35204070806503, 0, 1, },
		{ 0.22824294865131, 0, -0.97360414266586, 0, 0, 1, 0, 0, 0.97360414266586, 0, 0.22824294865131, 0, -0.09328144043684, 0.41675704717636, 0, 1, },
		{ 0.22824294865131, 0, -0.97360414266586, 0, 0, 1, 0, 0, 0.97360414266586, 0, 0.22824294865131, 0, -0.12823452055454, 0.47661679983139, 0, 1, },
		{ 0.22824294865131, 0, -0.97360414266586, 0, 0, 1, 0, 0, 0.97360414266586, 0, 0.22824294865131, 0, -0.17859728634357, 0.52280133962631, 0, 1, },
		{ 0.22824294865131, 0, -0.97360414266586, 0, 0, 1, 0, 0, 0.97360414266586, 0, 0.22824294865131, 0, -0.23080752789974, 0.57229918241501, 0, 1, },
		{ 0.22824294865131, 0, -0.97360414266586, 0, 0, 1, 0, 0, 0.97360414266586, 0, 0.22824294865131, 0, -0.29131001234055, 0.62589263916016, 0, 1, },
		{ 0.22824294865131, 0, -0.97360414266586, 0, 0, 1, 0, 0, 0.97360414266586, 0, 0.22824294865131, 0, -0.35791927576065, 0.66684174537659, 0, 1, },
		{ 0.22824294865131, 0, -0.97360414266586, 0, 0, 1, 0, 0, 0.97360414266586, 0, 0.22824294865131, 0, -0.42659449577332, 0.71124386787415, 0, 1, },
		{ 0.22824294865131, 0, -0.97360414266586, 0, 0, 1, 0, 0, 0.97360414266586, 0, 0.22824294865131, 0, -0.50555193424225, 0.74424910545349, 0, 1, },
		{ 0.22824294865131, 0, -0.97360414266586, 0, 0, 1, 0, 0, 0.97360414266586, 0, 0.22824294865131, 0, -0.58454346656799, 0.77249145507813, 0, 1, },
		{ 0.22824294865131, 0, -0.97360414266586, 0, 0, 1, 0, 0, 0.97360414266586, 0, 0.22824294865131, 0, -0.66579133272171, 0.79256939888, 0, 1, },
		{ 0.22824294865131, 0, -0.97360414266586, 0, 0, 1, 0, 0, 0.97360414266586, 0, 0.22824294865131, 0, -0.75317561626434, 0.79256939888, 0, 1, },
		{ 0.22824294865131, 0, -0.97360414266586, 0, 0, 1, 0, 0, 0.97360414266586, 0, 0.22824294865131, 0, -0.83414685726166, 0.79256939888, 0, 1, },
		{ 0.22824294865131, 0, -0.97360414266586, 0, 0, 1, 0, 0, 0.97360414266586, 0, 0.22824294865131, 0, -0.91710597276688, 0.78233933448792, 0, 1, },
		{ 0.22824294865131, 0, -0.97360414266586, 0, 0, 1, 0, 0, 0.97360414266586, 0, 0.22824294865131, 0, -0.99853175878525, 0.7644305229187, 0, 1, },
		{ 0.22824294865131, 0, -0.97360414266586, 0, 0, 1, 0, 0, 0.97360414266586, 0, 0.22824294865131, 0, -1.0746718645096, 0.73792481422424, 0, 1, },
		{ 0.22824294865131, 0, -0.97360414266586, 0, 0, 1, 0, 0, 0.97360414266586, 0, 0.22824294865131, 0, -1.1455029249191, 0.70422726869583, 0, 1, },
		{ 0.22824294865131, 0, -0.97360414266586, 0, 0, 1, 0, 0, 0.97360414266586, 0, 0.22824294865131, 0, -1.2105799913406, 0.66812056303024, 0, 1, },
		{ 0.22824294865131, 0, -0.97360414266586, 0, 0, 1, 0, 0, 0.97360414266586, 0, 0.22824294865131, 0, -1.2691028118134, 0.62379622459412, 0, 1, },
		{ 0.22824294865131, 0, -0.97360414266586, 0, 0, 1, 0, 0, 0.97360414266586, 0, 0.22824294865131, 0, -1.3218330144882, 0.57640105485916, 0, 1, },
		{ 0.22824294865131, 0, -0.97360414266586, 0, 0, 1, 0, 0, 0.97360414266586, 0, 0.22824294865131, 0, -1.3662676811218, 0.53139799833298, 0, 1, },
		{ 0.22824294865131, 0, -0.97360414266586, 0, 0, 1, 0, 0, 0.97360414266586, 0, 0.22824294865131, 0, -1.4067422151566, 0.48575881123543, 0, 1, },
		{ 0.22824294865131, 0, -0.97360414266586, 0, 0, 1, 0, 0, 0.97360414266586, 0, 0.22824294865131, 0, -1.4386111497879, 0.43967145681381, 0, 1, },
		{ 0.22824294865131, 0, -0.97360414266586, 0, 0, 1, 0, 0, 0.97360414266586, 0, 0.22824294865131, 0, -1.464324593544, 0.38991272449493, 0, 1, },
		{ 0.22824294865131, 0, -0.97360414266586, 0, 0, 1, 0, 0, 0.97360414266586, 0, 0.22824294865131, 0, -1.4846950769424, 0.35284316539764, 0, 1, },
		{ 0.22824294865131, 0, -0.97360414266586, 0, 0, 1, 0, 0, 0.97360414266586, 0, 0.22824294865131, 0, -1.5023657083511, 0.31691208481789, 0, 1, },
		{ 0.22824294865131, 0, -0.97360414266586, 0, 0, 1, 0, 0, 0.97360414266586, 0, 0.22824294865131, 0, -1.5165227651596, 0.28108245134354, 0, 1, },
		{ 0.22824294865131, 0, -0.97360414266586, 0, 0, 1, 0, 0, 0.97360414266586, 0, 0.22824294865131, 0, -1.525564789772, 0.2574610710144, 0, 1, },
		{ 0.22824294865131, 0, -0.97360414266586, 0, 0, 1, 0, 0, 0.97360414266586, 0, 0.22824294865131, 0, -1.530194401741, 0.24382063746452, 0, 1, },
		{ 0.22824294865131, 0, -0.97360414266586, 0, 0, 1, 0, 0, 0.97360414266586, 0, 0.22824294865131, 0, -1.5304933786392, 0.22604659199715, 0, 1, },
		{ 0.22824294865131, 0, -0.97360414266586, 0, 0, 1, 0, 0, 0.97360414266586, 0, 0.22824294865131, 0, -1.5337841510773, 0.22604659199715, 0, 1, },
	},
}
end
