function data()
return {
	times = { 0, 83.333, 125, 166.667, 208.333, 250, 291.667, 333.333, 375, 416.667, 458.333, 500, 541.667, 583.333, 625, 666.667, 708.333, 750, 791.667, 833.333, 875, 916.667, 958.333, 1000, 1041.667, 1083.333, 1125, 1166.667, 1208.333, 1250, 2500, 2541.667, 2583.333, 2625, 2666.667, 2708.333, 2750, 2791.667, 2833.333, 2875, 2916.667, 2958.333, 3000, 3041.667, 3083.333, 3125, 3166.667, 3208.333, 3250, 3291.667, 3333.333, 3375, 3416.667, 3458.333, 3500, 3541.667, 3583.333, 3625, 3666.667, 3708.333, 3750, 3791.667, 3833.333, 3875, 3916.667, 3958.333, 4000, 4041.667, 4083.333, 4125, 4583.333, },
	transfs = {
		{ 0.99997800588608, 0, 0.0066301180049777, 0, 0, 1, 0, 0, -0.0066301180049777, 0, 0.99997800588608, 0, 0, 0, 0, 1, },
		{ 0.99966412782669, 0, 0.025915022939444, 0, 0, 1, 0, 0, -0.025915022939444, 0, 0.99966412782669, 0, 0, 0, 0, 1, },
		{ 0.99837827682495, 0, 0.056928355246782, 0, 0, 1, 0, 0, -0.056928355246782, 0, 0.99837827682495, 0, 0, 0, 0, 1, },
		{ 0.99511826038361, 0, 0.098688885569572, 0, 0, 1, 0, 0, -0.098688885569572, 0, 0.99511826038361, 0, 0, 0, 0, 1, },
		{ 0.98866838216782, 0, 0.15011601150036, 0, 0, 1, 0, 0, -0.15011601150036, 0, 0.98866838216782, 0, 0, 0, 0, 1, },
		{ 0.97770392894745, 0, 0.20998787879944, 0, 0, 1, 0, 0, -0.20998787879944, 0, 0.97770392894745, 0, 0, 0, 0, 1, },
		{ 0.96089595556259, 0, 0.27690970897675, 0, 0, 1, 0, 0, -0.27690970897675, 0, 0.96089595556259, 0, 0, 0, 0, 1, },
		{ 0.93701112270355, 0, 0.34929955005646, 0, 0, 1, 0, 0, -0.34929955005646, 0, 0.93701112270355, 0, 0, 0, 0, 1, },
		{ 0.90500742197037, 0, 0.42539578676224, 0, 0, 1, 0, 0, -0.42539578676224, 0, 0.90500742197037, 0, 0, 0, 0, 1, },
		{ 0.86411869525909, 0, 0.50328797101974, 0, 0, 1, 0, 0, -0.50328797101974, 0, 0.86411869525909, 0, 0, 0, 0, 1, },
		{ 0.81392461061478, 0, 0.58097040653229, 0, 0, 1, 0, 0, -0.58097040653229, 0, 0.81392461061478, 0, 0, 0, 0, 1, },
		{ 0.75439924001694, 0, 0.65641582012177, 0, 0, 1, 0, 0, -0.65641582012177, 0, 0.75439924001694, 0, 0, 0, 0, 1, },
		{ 0.68593543767929, 0, 0.7276623249054, 0, 0, 1, 0, 0, -0.7276623249054, 0, 0.68593543767929, 0, 0, 0, 0, 1, },
		{ 0.60934221744537, 0, 0.79290735721588, 0, 0, 1, 0, 0, -0.79290735721588, 0, 0.60934221744537, 0, 0, 0, 0, 1, },
		{ 0.52581131458282, 0, 0.85060119628906, 0, 0, 1, 0, 0, -0.85060119628906, 0, 0.52581131458282, 0, 0, 0, 0, 1, },
		{ 0.43686133623123, 0, 0.89952880144119, 0, 0, 1, 0, 0, -0.89952880144119, 0, 0.43686133623123, 0, 0, 0, 0, 1, },
		{ 0.34425795078278, 0, 0.93887501955032, 0, 0, 1, 0, 0, -0.93887501955032, 0, 0.34425795078278, 0, 0, 0, 0, 1, },
		{ 0.24992129206657, 0, 0.96826606988907, 0, 0, 1, 0, 0, -0.96826606988907, 0, 0.24992129206657, 0, 0, 0, 0, 1, },
		{ 0.15582379698753, 0, 0.98778486251831, 0, 0, 1, 0, 0, -0.98778486251831, 0, 0.15582379698753, 0, 0, 0, 0, 1, },
		{ 0.063896805047989, 0, 0.99795645475388, 0, 0, 1, 0, 0, -0.99795645475388, 0, 0.063896805047989, 0, 0, 0, 0, 1, },
		{ -0.024057341739535, 0, 0.99971050024033, 0, 0, 1, 0, 0, -0.99971050024033, 0, -0.024057341739535, 0, 0, 0, 0, 1, },
		{ -0.10643339157104, 0, 0.99431985616684, 0, 0, 1, 0, 0, -0.99431985616684, 0, -0.10643339157104, 0, 0, 0, 0, 1, },
		{ -0.18186444044113, 0, 0.98332363367081, 0, 0, 1, 0, 0, -0.98332363367081, 0, -0.18186444044113, 0, 0, 0, 0, 1, },
		{ -0.24924111366272, 0, 0.96844148635864, 0, 0, 1, 0, 0, -0.96844148635864, 0, -0.24924111366272, 0, 0, 0, 0, 1, },
		{ -0.30769875645638, 0, 0.95148384571075, 0, 0, 1, 0, 0, -0.95148384571075, 0, -0.30769875645638, 0, 0, 0, 0, 1, },
		{ -0.35658410191536, 0, 0.93426322937012, 0, 0, 1, 0, 0, -0.93426322937012, 0, -0.35658410191536, 0, 0, 0, 0, 1, },
		{ -0.39539682865143, 0, 0.91851037740707, 0, 0, 1, 0, 0, -0.91851037740707, 0, -0.39539682865143, 0, 0, 0, 0, 1, },
		{ -0.4237135052681, 0, 0.90579622983932, 0, 0, 1, 0, 0, -0.90579622983932, 0, -0.4237135052681, 0, 0, 0, 0, 1, },
		{ -0.44110408425331, 0, 0.89745587110519, 0, 0, 1, 0, 0, -0.89745587110519, 0, -0.44110408425331, 0, 0, 0, 0, 1, },
		{ -0.4470449090004, 0, 0.89451146125793, 0, 0, 1, 0, 0, -0.89451146125793, 0, -0.4470449090004, 0, 0, 0, 0, 1, },
		{ -0.4470449090004, 0, 0.89451146125793, 0, 0, 1, 0, 0, -0.89451146125793, 0, -0.4470449090004, 0, 0, 0, 0, 1, },
		{ -0.4470449090004, 0, 0.89451146125793, 0, 0, 1, 0, 0, -0.89451146125793, 0, -0.4470449090004, 0, 6.837108230684e-05, -0.0072746276855469, 0, 1, },
		{ -0.4470449090004, 0, 0.89451146125793, 0, 0, 1, 0, 0, -0.89451146125793, 0, -0.4470449090004, 0, 0.00054696801817045, -0.026867521926761, 0, 1, },
		{ -0.4470449090004, 0, 0.89451146125793, 0, 0, 1, 0, 0, -0.89451146125793, 0, -0.4470449090004, 0, 0.0018460162682459, -0.055432736873627, 0, 1, },
		{ -0.4470449090004, 0, 0.89451146125793, 0, 0, 1, 0, 0, -0.89451146125793, 0, -0.4470449090004, 0, 0.0043757441453636, -0.089624173939228, 0, 1, },
		{ -0.4470449090004, 0, 0.89451146125793, 0, 0, 1, 0, 0, -0.89451146125793, 0, -0.4470449090004, 0, 0.0089577538892627, -0.12692718207836, 0, 1, },
		{ -0.4470449090004, 0, 0.89451146125793, 0, 0, 1, 0, 0, -0.89451146125793, 0, -0.4470449090004, 0, 0.017836617305875, -0.16815383732319, 0, 1, },
		{ -0.4470449090004, 0, 0.89451146125793, 0, 0, 1, 0, 0, -0.89451146125793, 0, -0.4470449090004, 0, 0.031444657593966, -0.21653899550438, 0, 1, },
		{ -0.4470449090004, 0, 0.89451146125793, 0, 0, 1, 0, 0, -0.89451146125793, 0, -0.4470449090004, 0, 0.045230355113745, -0.27477386593819, 0, 1, },
		{ -0.4470449090004, 0, 0.89451146125793, 0, 0, 1, 0, 0, -0.89451146125793, 0, -0.4470449090004, 0, 0.0644401460886, -0.32647049427032, 0, 1, },
		{ -0.4470449090004, 0, 0.89451146125793, 0, 0, 1, 0, 0, -0.89451146125793, 0, -0.4470449090004, 0, 0.089977920055389, -0.37617126107216, 0, 1, },
		{ -0.4470449090004, 0, 0.89451146125793, 0, 0, 1, 0, 0, -0.89451146125793, 0, -0.4470449090004, 0, 0.12129954993725, -0.43315306305885, 0, 1, },
		{ -0.4470449090004, 0, 0.89451146125793, 0, 0, 1, 0, 0, -0.89451146125793, 0, -0.4470449090004, 0, 0.159125238657, -0.4930691421032, 0, 1, },
		{ -0.4470449090004, 0, 0.89451146125793, 0, 0, 1, 0, 0, -0.89451146125793, 0, -0.4470449090004, 0, 0.20304396748543, -0.54068112373352, 0, 1, },
		{ -0.4470449090004, 0, 0.89451146125793, 0, 0, 1, 0, 0, -0.89451146125793, 0, -0.4470449090004, 0, 0.25316578149796, -0.59214580059052, 0, 1, },
		{ -0.4470449090004, 0, 0.89451146125793, 0, 0, 1, 0, 0, -0.89451146125793, 0, -0.4470449090004, 0, 0.3042476773262, -0.64793395996094, 0, 1, },
		{ -0.4470449090004, 0, 0.89451146125793, 0, 0, 1, 0, 0, -0.89451146125793, 0, -0.4470449090004, 0, 0.37247794866562, -0.68669706583023, 0, 1, },
		{ -0.4470449090004, 0, 0.89451146125793, 0, 0, 1, 0, 0, -0.89451146125793, 0, -0.4470449090004, 0, 0.43794476985931, -0.71956831216812, 0, 1, },
		{ -0.4470449090004, 0, 0.89451146125793, 0, 0, 1, 0, 0, -0.89451146125793, 0, -0.4470449090004, 0, 0.51080453395844, -0.75080305337906, 0, 1, },
		{ -0.4470449090004, 0, 0.89451146125793, 0, 0, 1, 0, 0, -0.89451146125793, 0, -0.4470449090004, 0, 0.58424717187881, -0.77582746744156, 0, 1, },
		{ -0.4470449090004, 0, 0.89451146125793, 0, 0, 1, 0, 0, -0.89451146125793, 0, -0.4470449090004, 0, 0.66285192966461, -0.79165893793106, 0, 1, },
		{ -0.4470449090004, 0, 0.89451146125793, 0, 0, 1, 0, 0, -0.89451146125793, 0, -0.4470449090004, 0, 0.73989933729172, -0.79917693138123, 0, 1, },
		{ -0.4470449090004, 0, 0.89451146125793, 0, 0, 1, 0, 0, -0.89451146125793, 0, -0.4470449090004, 0, 0.82292121648788, -0.79917693138123, 0, 1, },
		{ -0.4470449090004, 0, 0.89451146125793, 0, 0, 1, 0, 0, -0.89451146125793, 0, -0.4470449090004, 0, 0.89890217781067, -0.79917693138123, 0, 1, },
		{ -0.4470449090004, 0, 0.89451146125793, 0, 0, 1, 0, 0, -0.89451146125793, 0, -0.4470449090004, 0, 0.96479427814484, -0.79917693138123, 0, 1, },
		{ -0.4470449090004, 0, 0.89451146125793, 0, 0, 1, 0, 0, -0.89451146125793, 0, -0.4470449090004, 0, 1.0448621511459, -0.76429945230484, 0, 1, },
		{ -0.4470449090004, 0, 0.89451146125793, 0, 0, 1, 0, 0, -0.89451146125793, 0, -0.4470449090004, 0, 1.1079230308533, -0.7356613278389, 0, 1, },
		{ -0.4470449090004, 0, 0.89451146125793, 0, 0, 1, 0, 0, -0.89451146125793, 0, -0.4470449090004, 0, 1.1777412891388, -0.70227110385895, 0, 1, },
		{ -0.4470449090004, 0, 0.89451146125793, 0, 0, 1, 0, 0, -0.89451146125793, 0, -0.4470449090004, 0, 1.2319704294205, -0.66835600137711, 0, 1, },
		{ -0.4470449090004, 0, 0.89451146125793, 0, 0, 1, 0, 0, -0.89451146125793, 0, -0.4470449090004, 0, 1.2867472171783, -0.63077163696289, 0, 1, },
		{ -0.4470449090004, 0, 0.89451146125793, 0, 0, 1, 0, 0, -0.89451146125793, 0, -0.4470449090004, 0, 1.3317099809647, -0.59081310033798, 0, 1, },
		{ -0.4470449090004, 0, 0.89451146125793, 0, 0, 1, 0, 0, -0.89451146125793, 0, -0.4470449090004, 0, 1.3715599775314, -0.54820585250854, 0, 1, },
		{ -0.4470449090004, 0, 0.89451146125793, 0, 0, 1, 0, 0, -0.89451146125793, 0, -0.4470449090004, 0, 1.4086486101151, -0.50975078344345, 0, 1, },
		{ -0.4470449090004, 0, 0.89451146125793, 0, 0, 1, 0, 0, -0.89451146125793, 0, -0.4470449090004, 0, 1.4365847110748, -0.47253540158272, 0, 1, },
		{ -0.4470449090004, 0, 0.89451146125793, 0, 0, 1, 0, 0, -0.89451146125793, 0, -0.4470449090004, 0, 1.4605575799942, -0.43542388081551, 0, 1, },
		{ -0.4470449090004, 0, 0.89451146125793, 0, 0, 1, 0, 0, -0.89451146125793, 0, -0.4470449090004, 0, 1.4786638021469, -0.402273863554, 0, 1, },
		{ -0.4470449090004, 0, 0.89451146125793, 0, 0, 1, 0, 0, -0.89451146125793, 0, -0.4470449090004, 0, 1.4935228824615, -0.37072202563286, 0, 1, },
		{ -0.4470449090004, 0, 0.89451146125793, 0, 0, 1, 0, 0, -0.89451146125793, 0, -0.4470449090004, 0, 1.5059056282043, -0.35533079504967, 0, 1, },
		{ -0.4470449090004, 0, 0.89451146125793, 0, 0, 1, 0, 0, -0.89451146125793, 0, -0.4470449090004, 0, 1.5021603107452, -0.33968260884285, 0.0074940486811101, 1, },
		{ -0.4470449090004, 0, 0.89451146125793, 0, 0, 1, 0, 0, -0.89451146125793, 0, -0.4470449090004, 0, 1.5052775144577, -0.32855087518692, 0.0074940486811101, 1, },
		{ -0.4470449090004, 0, 0.89451146125793, 0, 0, 1, 0, 0, -0.89451146125793, 0, -0.4470449090004, 0, 1.5052775144577, -0.32855087518692, 0.0074940486811101, 1, },
	},
}
end
